Time,GPS_X1,GPS_Y1,GPS_X2,GPS_Y2,GPS_MIDX,GPS_MIDY,GPS_MID_Theta,DR_X,DR_Y,DR_Theta,Kalman_X,Kalman_Y,Kalman_Theta,Painting
1740447086.169071,0,0,0,0,0,0,0,0,0,0,0,0,0,0
1740447086.2695112,0,0,0,0,0,0,0,0,0,0,0,0,0,0
1740447086.3699238,0,0,0,0,0,0,0,0,0,0,0,0,0,0
1740447086.4704154,0,0,0,0,0,0,0,0,0,0,0,0,0,0
1740447086.5707612,0,0,0,0,0,0,0,0,0,0,0,0,0,0
1740447086.6711657,0,0,0,0,0,0,0,0,0,0,0,0,0,0
1740447086.7715502,0,0,0,0,0,0,0,0,0,0,0,0,0,0
1740447086.8717186,0,0,0,0,0,0,0,0,0,0,0,0,0,0
1740447086.9720683,0,0,0,0,0,0,0,0,0,0,0,0,0,0
1740447087.072501,0,0,0,0,0,0,0,0,0,0,0,0,0,0
1740447087.1729047,0,0,0,0,0,0,0,0,0,0,0,0,0,0
1740447087.2733805,0,0,0,0,0,0,0,0,0,0,0,0,0,0
1740447087.3737898,0,0,0,0,0,0,0,0,0,0,0,0,0,0
1740447087.4742403,0,0,0,0,0,0,0,0,0,0,0,0,0,0
1740447087.5747101,0,0,0,0,0,0,0,0,0,0,0,0,0,0
1740447087.6751277,0,0,0,0,0,0,0,0,0,0,0,0,0,0
1740447087.775562,0,0,0,0,0,0,0,0,0,0,0,0,0,0
1740447087.8759885,0,0,0,0,0,0,0,0,0,0,0,0,0,0
1740447087.9764075,0,0,0,0,0,0,0,0,0,0,0,0,0,0
1740447088.076811,0,0,0,0,0,0,0,0,0,0,0,0,0,0
1740447088.1772168,0,0,0,0,0,0,0,0,0,0,0,0,0,0
1740447088.2776926,0,0,0,0,0,0,0,0,0,0,0,0,0,0
1740447088.3781068,0,0,0,0,0,0,0,0,0,0,0,0,0,0
1740447088.4784963,0,0,0,0,0,0,0,0,0,0,0,0,0,0
1740447088.5789137,0,0,0,0,0,0,0,0,0,0,0,0,0,0
1740447088.6793833,0,0,0,0,0,0,0,0,0,0,0,0,0,0
1740447088.7798193,0,0,0,0,0,0,0,0,0,0,0,0,0,0
1740447088.8802361,0,0,0,0,0,0,0,0,0,0,0,0,0,0
1740447088.9807262,0,0,0,0,0,0,0,0,0,0,0,0,0,0
1740447089.0811327,0,0,0,0,0,0,0,0,0,0,0,0,0,0
1740447089.181545,0,0,0,0,0,0,0,0,0,0,0,0,0,0
1740447089.2819407,0,0,0,0,0,0,0,0,0,0,0,0,0,0
1740447089.3823924,0,0,0,0,0,0,0,0,0,0,0,0,0,0
1740447089.4827747,0,0,0,0,0,0,0,0,0,0,0,0,0,0
1740447089.5832033,0,0,0,0,0,0,0,0,0,0,0,0,0,0
1740447089.683452,0,0,0,0,0,0,0,0,0,0,0,0,0,0
1740447089.783646,0,0,0,0,0,0,0,0,0,0,0,0,0,0
1740447089.8838475,0,0,0,0,0,0,0,0,0,0,0,0,0,0
1740447089.9839416,0,0,0,0,0,0,0,0,0,0,0,0,0,0
1740447090.0873055,0,0,0,0,0,0,0,0,0,0,0,0,0,0
1740447090.187401,0,0,0,0,0,0,0,0,0,0,0,0,0,0
1740447090.2874973,0,0,0,0,0,0,0,0,0,0,0,0,0,0
1740447090.3878212,0,0,0,0,0,0,0,0,0,0,0,0,0,0
1740447090.4880126,0,0,0,0,0,0,0,0,0,0,0,0,0,0
1740447090.588136,0.0,0.0,15.67059895411802,15.67059895411802,-0.01852316819928035,0.18458813135731234,0.0046335018492077015,0.0,0.0,0.0,0,0,0,0
1740447090.6883252,0.0,0.0,15.615029489004684,15.615029489004684,-0.046307900755948594,0.13489131715710556,0.004625437867598839,0.0,0.0,0.0,0,0,0,0
1740447090.7884188,0.0,1.4199086692280005,15.781737963313702,15.781737963313702,0.0370463363985607,0.951338801275913,0.004767762598595507,0.0,0.0,0.0,0,0,0,0
1740447090.8885098,0.0,1.4199086692280005,15.466844143410441,15.466844143410441,-0.12040057355306999,0.9584383450806833,0.004676039858383641,0.0,0.0,0.0,0,0,0,0
1740447090.9886541,0.0,1.4199086692280005,15.522413608523777,15.522413608523777,-0.09261584099640174,0.9655378964522505,0.004690917427748546,0.0,0.0,0.0,0,0,0,0
1740447091.0888717,0.0,1.4199086692280005,15.522413608523777,15.522413608523777,-0.09261584099640174,0.9655378964522505,0.004690917427748546,0.0,0.0,0.0,0,0,0,0
1740447091.1890075,0.0,1.4199086692280005,15.39275147061332,15.39275147061332,-0.1574469099516307,1.0223342393236443,0.00464464636434005,0.0,0.0,0.0,0,0,0,0
1740447091.289193,-1.8523166619900167,1.4199086692280005,15.374228341898544,15.374228341898544,-1.092866805304027,1.0507324069759427,0.0051628599973505005,0.0,0.0,0.0,0,0,0,0
1740447091.3893845,-1.8523166619900167,1.4199086692280005,15.170473452221955,15.170473452221955,-1.194744250142321,1.10752875741413,0.005095570559028561,0.0,0.0,0.0,0,0,0,0
1740447091.4894812,-1.8523166619900167,1.4199086692280005,15.133427115823395,15.133427115823395,-1.2132674183416015,1.1217278374568806,0.005082692190642875,0.0,0.0,0.0,0,0,0,0
1740447091.5895765,-1.8523166619900167,1.4199086692280005,15.226042996304301,15.226042996304301,-1.1669594781011483,1.171424644090294,0.0051004096739068645,0.0,0.0,0.0,0,0,0,0
1740447091.689704,-1.8523166619900167,1.4199086692280005,15.114903987108619,15.114903987108619,-1.2225289826989894,1.128827388828448,0.005076255719077139,0.0,0.0,0.0,0,0,0,0
1740447091.7898414,-1.8523166619900167,1.4199086692280005,14.818533295920133,14.818533295920133,-1.3707143282932321,1.1927232755046155,0.004981754848034234,0.0,0.0,0.0,0,0,0,0
1740447091.8900576,-1.8523166619900167,1.4199086692280005,14.91114917640104,14.91114917640104,-1.324406388052779,1.1359269326332218,0.005017430992095,0.0,0.0,0.0,0,0,0,0
1740447091.990268,-1.8523166619900167,1.4199086692280005,14.781486959521573,14.781486959521573,-1.3892374964925125,1.1856237316998417,0.004972450667604426,0.0,0.0,0.0,0,0,0,0
1740447092.0903463,-1.8523166619900167,1.4199086692280005,14.522162683700657,14.522162683700657,-1.5188996344029704,1.1572255564807499,0.004903616365405044,0.0,0.0,0.0,0,0,0,0
1740447092.190554,-1.8523166619900167,1.4199086692280005,14.522162683700657,14.522162683700657,-1.5188996344029704,1.1572255564807499,0.004903616365405044,0.0,0.0,0.0,0,0,0,0
1740447092.290651,-1.8523166619900167,1.4199086692280005,14.448070010903535,14.448070010903535,-1.555945970801531,1.2495196259427992,0.004867546869480388,0.0,0.0,0.0,0,0,0,0
1740447092.3907785,-1.8523166619900167,1.4199086692280005,14.336931001707853,14.336931001707853,-1.6115154753993721,1.1430264688712022,0.004853279199376234,0.0,0.0,0.0,0,0,0,0
1740447092.4909594,-1.8523166619900167,1.4199086692280005,14.448070010903535,14.448070010903535,-1.555945970801531,1.1146283012189038,0.004889534385769162,0.0,0.0,0.0,0,0,0,0
1740447092.5911422,-1.8523166619900167,1.4199086692280005,14.207268784828386,14.207268784828386,-1.6763465838391056,1.1217278374568806,0.004819798505284002,0.0,0.0,0.0,0,0,0,0
1740447092.6913261,-1.8523166619900167,1.4199086692280005,14.244315121226947,14.244315121226947,-1.6578234156398253,1.1004292060425627,0.004833809073697563,0.0,0.0,0.0,0,0,0,0
1740447092.7915337,-3.7046333239800333,1.4199086692280005,14.096129775632704,14.096129775632704,-2.658074419431955,1.0720310383902643,0.005320861786570795,0.0,0.0,0.0,0,0,0,0
1740447092.8916268,-3.7046333239800333,1.4199086692280005,13.966467637722246,13.966467637722246,-2.722905488387184,1.1217278374568806,0.005275723758246497,0.0,0.0,0.0,0,0,0,0
1740447092.991754,-1.8523166619900167,1.4199086692280005,13.984990845406031,13.984990845406031,-1.7874855535502832,1.1856237316998417,0.00474618231470328,0.0,0.0,0.0,0,0,0,0
1740447093.0919685,-3.7046333239800333,2.839817338456001,13.984990845406031,13.984990845406031,-2.7136438845452915,1.895578066313842,0.005396518758634625,0.0,0.0,0.0,0,0,0,0
1740447093.1921785,-3.7046333239800333,2.839817338456001,13.87385183621035,13.87385183621035,-2.7692133891431325,1.824582635832904,0.005377651069864595,0.0,0.0,0.0,0,0,0,0
1740447093.2923915,-3.7046333239800333,1.4199086692280005,13.762712827014667,13.762712827014667,-2.8247828937409736,1.2282209945284812,0.005200070608377979,0.0,0.0,0.0,0,0,0,0
1740447093.3924882,-3.7046333239800333,2.839817338456001,13.651573817818985,13.651573817818985,-2.8803523983388146,1.945274865380462,0.005292072912632711,0.0,0.0,0.0,0,0,0,0
1740447093.4925845,-3.7046333239800333,1.4199086692280005,13.59600427373664,13.59600427373664,-2.9081371703799874,1.2282209945284812,0.005153288063957923,0.0,0.0,0.0,0,0,0,0
1740447093.592704,-3.7046333239800333,1.4199086692280005,13.540434808623303,13.540434808623303,-2.9359219029366557,1.221121443156914,0.005138886854097174,0.0,0.0,0.0,0,0,0,0
1740447093.6929195,-3.7046333239800333,1.4199086692280005,13.503388472224742,13.503388472224742,-2.954445071135936,1.2850173373998715,0.005117622222434182,0.0,0.0,0.0,0,0,0,0
1740447093.793131,-3.7046333239800333,1.4199086692280005,13.3552031266305,13.3552031266305,-3.0285377439330574,1.2708182497903273,0.005078395350222686,0.0,0.0,0.0,0,0,0,0
1740447093.893343,-3.7046333239800333,1.4199086692280005,13.299633661517163,13.299633661517163,-3.0563224764897257,1.3276145926617176,0.005053246192118346,0.0,0.0,0.0,0,0,0,0
1740447093.993561,-3.7046333239800333,1.4199086692280005,13.262587325118602,13.262587325118602,-3.074845644689006,1.2495196259427992,0.005055916548281282,0.0,0.0,0.0,0,0,0,0
1740447094.0939715,-3.7046333239800333,1.4199086692280005,13.281110453833378,13.281110453833378,-3.065584080331618,1.3418136878380587,0.005045670960434036,0.0,0.0,0.0,0,0,0,0
1740447094.1941068,-3.7046333239800333,1.4199086692280005,13.262587325118602,13.262587325118602,-3.074845644689006,1.3631123041187934,0.005036917988279826,0.0,0.0,0.0,0,0,0,0
1740447094.2943175,-3.7046333239800333,1.4199086692280005,13.207017781036257,13.207017781036257,-3.102630416730179,1.356012767880813,0.005022498295568949,0.0,0.0,0.0,0,0,0,0
1740447094.394412,-3.7046333239800333,1.4199086692280005,13.132925108239135,13.132925108239135,-3.1396767531287395,1.3844109355331113,0.0049969816389019185,0.0,0.0,0.0,0,0,0,0
1740447094.4946332,-3.7046333239800333,1.4199086692280005,13.15144831592292,13.15144831592292,-3.130415149286847,1.4909040926047084,0.004984618747397697,0.0,0.0,0.0,0,0,0,0
1740447094.5947633,-3.7046333239800333,1.4199086692280005,13.11440197952436,13.11440197952436,-3.1489383174861274,1.4412072859712985,0.004982414325276141,-0.08935087890401315,0.0001694839363655051,-0.01701408218503937,0,0,0,0
1740447094.694978,-1.8523166619900167,1.4199086692280005,12.743938615538752,12.743938615538752,-2.4080116684839226,1.5689990593236303,0.004334272459931223,-0.1340158804848981,0.0011144066355446036,-0.04414464566929134,0,0,0,0
1740447094.7951925,-1.8523166619900167,1.4199086692280005,11.799257155828968,11.799257155828968,-2.8803523983388146,1.9878721135380744,0.004007854866168992,-0.28271989337172065,0.009040314726994925,-0.07449408956692913,0,0,0,0
1740447094.895406,-1.8523166619900167,0.0,11.07685363554154,11.07685363554154,-3.241554158482529,1.4554063664766126,0.0036938039419415238,-0.431138553368063,0.02118317373008531,-0.10714273375984251,0,0,0,0
1740447094.9956248,0.0,0.0,10.187741640945092,10.187741640945092,-2.7599518247857446,1.61869585885281,0.0029115770449314685,-0.6456431361166746,0.045910469075251016,-0.14232049827755905,0,0,0,0
1740447095.0957503,0.0,-1.4199086692280005,9.35419911146198,9.35419911146198,-3.1767230895273,1.1501259909007189,0.002596828577877273,-0.8737827295351156,0.08095235573125116,-0.17979746309055117,0,0,0,0
1740447095.195967,0.0,-1.4199086692280005,8.150193296962271,8.150193296962271,-3.7787259967771547,1.37021182614831,0.002250900372070365,-1.1296967407723948,0.1301294297788385,-0.21911378813976376,0,0,0,0
1740447095.29618,1.8523166619900167,-1.4199086692280005,7.224034965967263,7.224034965967263,-3.3156468312796505,1.4838045194578875,0.0014828761227530182,-1.3617487340333017,0.1841619835111931,-0.2582001931594488,0,0,0,0
1740447095.3964224,1.8523166619900167,-2.839817353589588,6.205260833460358,6.205260833460358,-3.8250338975331033,0.8377460715200549,0.0011739176185241828,-1.6130869551103637,0.25300383311751523,-0.2975165182086614,0,0,0,0
1740447095.49656,3.7046333239800333,-2.839817353589588,5.075347612788761,5.075347612788761,-3.4638321768738933,0.9726373886771569,0.00036862358710714713,-1.875744862107617,0.3360961466397095,-0.3359131631397637,0,0,0,0
1740447095.5966554,3.7046333239800333,-4.259726022817588,4.075096608996631,4.075096608996631,-3.963957678769958,0.32657894073932425,9.732055819509102e-05,-2.1418669513249307,0.4321718442772007,-0.3736200479822834,0,0,0,0
1740447095.6969013,5.55694998597005,-4.259726022817588,2.9451834672940436,2.9451834672940436,-3.6027559186262437,0.2981807655202324,-0.0006863501710608547,-2.424988611711145,0.5463313513501188,-0.4110970127952755,0,0,0,0
1740447095.7971141,5.55694998597005,-4.259726022817588,1.8337934543062318,1.8337934543062318,-4.15845092512015,0.3620766597631899,-0.0009760191244378071,-2.7036341195481604,0.671018754872811,-0.44903381766732275,0,0,0,0
1740447095.8973346,5.55694998597005,-5.679634692045589,0.6483108474903077,0.6483108474903077,-4.751192228528112,-0.362076762460358,-0.0012595448674077765,-2.9241115579970898,0.7794669818660067,-0.48697062253937,0,0,0,0
1740447095.9975524,7.409266647960067,-5.679634692045589,-0.1667085532780277,-0.1667085532780277,-4.232543597917271,-0.43307219294129595,-0.0019433680264686597,-3.13369396436586,0.8927950454025927,-0.5232979872047244,0,0,0,0
1740447096.097674,7.409266647960067,-5.679634692045589,-1.5003765056881946,-1.5003765056881946,-4.899377574122354,-0.39047493767944985,-0.002279044835303366,-3.2748280609757496,0.9759397248828522,-0.5596253518700788,0,0,0,0
1740447096.1978261,9.261583309950083,-5.679634692045589,-2.4635811730817636,-2.4635811730817636,-4.454821576824131,-0.33367859480805606,-0.002982004098565801,-3.3752930495493056,1.0399625797261394,-0.5959527165354331,0,0,0,0
1740447096.2980387,9.261583309950083,-7.099543361273589,-3.612017522468136,-3.612017522468136,-5.029039751517317,-1.1359269913173158,-0.0032105757211487035,-3.4855235903608555,1.1161928810511599,-0.6327399212598426,0,0,0,0
1740447096.3982682,11.1138999719401,-7.099543361273589,-4.8901160097649665,-4.8901160097649665,-4.741930664170724,-1.086230177117109,-0.003961653271511637,-3.562993527696078,1.1742216124103593,-0.6702168860728347,0,0,0,0
1740447096.4984252,11.1138999719401,-7.099543361273589,-6.0755986955499,-6.0755986955499,-5.33467200706319,-1.1856237903839357,-0.004255781514603147,-3.655669921571785,1.2490756047548854,-0.7070040907972442,0,0,0,0
1740447096.5986443,12.966216633930117,-7.099543361273589,-7.131419164455366,-7.131419164455366,-4.936423910520915,-1.2424201332553295,-0.0049481774923300645,-3.711815780383365,1.2979772412424644,-0.744710975639764,0,0,0,0
1740447096.6988614,12.966216633930117,-7.099543361273589,-8.261332385126963,-8.261332385126963,-5.5013805208567135,-1.285017396083969,-0.005216593457434348,-3.7824056237113655,1.364203962157592,-0.7831076205708664,0,0,0,0
1740447096.7990732,14.818533295920133,-7.099543361273589,-9.465338199626672,-9.465338199626672,-5.17722509711156,-1.370211914174451,-0.005928206567874696,-3.8451461892581418,1.427817173405044,-0.8208145054133861,0,0,0,0
1740447096.8992934,14.818533295920133,-7.099543361273589,-10.465589203418801,-10.465589203418801,-5.6773505990076245,-1.4767050636792582,-0.006170572491208596,-3.915372264695309,1.5048499434122433,-0.8585213902559058,0,0,0,0
1740447096.9994292,16.67084995791015,-7.099543361273589,-11.558456008722828,-11.558456008722828,-5.29762567066463,-1.5831982131840618,-0.006840693810876995,-3.9875994804444295,1.590035586855569,-0.8969180351870081,0,0,0,0
1740447097.0995278,16.67084995791015,-7.099543361273589,-12.688369150425416,-12.688369150425416,-5.862582241515923,-1.7606867856030135,-0.007118918867145595,-4.079450220365285,1.7072469128358398,-0.9346249200295278,0,0,0,0
1740447097.1996694,18.523166619900167,-7.099543361273589,-13.651573817818985,-13.651573817818985,-5.4180262442177,-1.95947400456987,-0.0077587749965752325,-4.162407203375529,1.821838235616446,-0.9711822047244097,0,0,0,0
1740447097.299882,18.523166619900167,-7.099543361273589,-14.614778485212554,-14.614778485212554,-5.899628577914484,-2.073066690312654,-0.007983782958254677,-4.2493648503029515,1.951785394923456,-1.0086591695374019,0,0,0,0
1740447097.4000156,18.523166619900167,-7.099543361273589,-15.763214834598926,-15.763214834598926,-6.47384675260767,-2.250555270298399,-0.008259208630756402,-4.3312554872401305,2.084983770819654,-1.0470558144685043,0,0,0,0
1740447097.5002053,20.375483281890183,-7.099543361273589,-16.856081718871962,-16.856081718871962,-6.09412186374918,-2.5629351674412497,-0.008926159056847162,-4.43366875729699,2.2665722231152476,-1.085222539370079,0,0,0,0
1740447097.6004236,20.375483281890183,-7.099543361273589,-17.634054704272728,-17.634054704272728,-6.483108356449563,-2.7901205540604046,-0.009132865178928345,-4.512191105559739,2.4187579642670203,-1.1240790243602365,0,0,0,0
1740447097.7006383,22.2277999438802,-5.679634692045589,-18.838060518772437,-18.838060518772437,-6.158952932704409,-2.342849317522635,-0.009964484402530706,-4.575866067628877,2.5533716342854373,-1.1622457492618115,0,0,0,0
1740447097.8007693,22.2277999438802,-5.679634692045589,-19.78274205745123,-19.78274205745123,-6.631293702043806,-2.548736072727472,-0.010197637499632727,-4.610606529608628,2.635688822720027,-1.1990329539862208,0,0,0,0
1740447097.9008965,22.2277999438802,-5.679634692045589,-20.727423517161014,-20.727423517161014,-7.103634431898698,-2.8043196345657186,-0.010442504005574418,-4.634309569265507,2.6983675185112226,-1.2355902386811026,0,0,0,0
1740447098.0011182,24.080116684839226,-5.679634692045589,-21.838813530148826,-21.838813530148826,-6.733171067913091,-3.0457041012276314,-0.011054718495515438,-4.653264601581041,2.7548364571813564,-1.271917603346457,0,0,0,0
1740447098.101339,24.080116684839226,-5.679634692045589,-22.727925524745274,-22.727925524745274,-7.1777270652113145,-3.343884918327724,-0.011295191760483136,-4.672219060883346,2.8191110817949467,-1.3080150479822839,0,0,0,0
1740447098.2014892,24.080116684839226,-4.259726022817588,-23.598514390626946,-23.598514390626946,-7.6130214981521505,-2.8824145866136135,-0.01171653269451752,-4.6911585226301655,2.891118895596494,-1.3443424126476382,0,0,0,0
1740447098.3017015,25.932433346829242,-4.259726022817588,-24.54319585033673,-24.54319585033673,-7.159203897012034,-3.1734958674757294,-0.012287872236533725,-4.702319421570653,2.9420293797705663,-1.3818193774606304,0,0,0,0
1740447098.4019108,25.932433346829242,-2.839817353589588,-25.65458586332454,-25.65458586332454,-7.71489890350594,-2.7333241671759403,-0.012766000865582999,-4.707781378132644,2.9713071754511304,-1.4181467421259848,0,0,0,0
1740447098.5021217,25.932433346829242,-2.839817353589588,-26.358466175928186,-26.358466175928186,-8.066839059807762,-3.1237990461712926,-0.01300258351761254,-4.710045805375525,2.986025927431361,-1.4549339468503941,0,0,0,0
1740447098.6023386,27.78475000881926,-2.839817353589588,-27.192008705411297,-27.192008705411297,-7.557451993554309,-3.4219798708381823,-0.013531205165755834,-4.705284560355455,2.941606454874034,-1.4917211515748037,0,0,0,0
1740447098.7025657,27.78475000881926,-1.4199086692280005,-28.155213372804866,-28.155213372804866,-8.039054327251094,-3.0599031372573116,-0.01401816155637931,-4.7008994729198035,2.8747382101857,-1.5278185962106305,0,0,0,0
1740447098.8027802,27.78475000881926,-1.4199086692280005,-28.988755823318968,-28.988755823318968,-8.455825552508145,-3.3864821220097063,-0.014253171858479468,-4.699187063702561,2.8226466278994238,-1.5639160408464572,0,0,0,0
1740447098.9029934,27.78475000881926,0.0,-29.877867817915416,-29.877867817915416,-8.900381549806369,-3.1166994730244717,-0.014771238571649371,-4.699146748116319,2.7779724816510827,-1.6002434055118115,0,0,0,0
1740447099.0032074,29.637066670809276,0.0,-30.674364010999966,-30.674364010999966,-8.372471315353636,-3.5284729834341455,-0.015298906119443307,-4.700379752407658,2.740764112448225,-1.6372605302657486,0,0,0,0
1740447099.1034117,29.637066670809276,0.0,-31.69313822247588,-31.69313822247588,-8.881858421091593,-3.7982556177483566,-0.015534769370363754,-4.703135743201602,2.703638091378402,-1.6751973351377958,0,0,0,0
1740447099.2036254,29.637066670809276,1.4199086692280005,-32.30440265459862,-32.30440265459862,-9.187490637152962,-3.578169767829742,-0.016038726148149832,-4.7082149805958355,2.659254048613911,-1.7129042199803155,0,0,0,0
1740447099.303843,29.637066670809276,1.4199086692280005,-33.00828304617127,-33.00828304617127,-9.539430832939289,-3.975744190629868,-0.01627571951651959,-4.715097496783574,2.615113399160882,-1.75015126476378,0,0,0,0
1740447099.4040549,29.637066670809276,2.839817338456001,-33.93444137716628,-33.93444137716628,-10.002509998436793,-3.5994683845730364,-0.016777358845459327,-4.737157810119872,2.498043113626435,-1.7864786294291344,0,0,0,0
1740447099.504275,29.637066670809276,2.839817338456001,-34.80503016407894,-34.80503016407894,-10.437804391893124,-3.9828437197636184,-0.017030154151176594,-4.76197214129394,2.3891497114597846,-1.8230359141240164,0,0,0,0
1740447099.6044939,29.637066670809276,4.259726007684002,-35.56448002076493,-35.56448002076493,-10.817529320236119,-3.670463800382951,-0.01754093098402243,-4.788926184579548,2.2884559550608103,-1.8607427989665362,0,0,0,0
1740447099.704706,29.637066670809276,4.259726007684002,-36.30540666976714,-36.30540666976714,-11.187992644737221,-4.195830004102202,-0.017830859223025707,-4.8064931842427665,2.2315402817531518,-1.8984496838090559,0,0,0,0
1740447099.8049135,31.489383332799292,5.679634692045589,-37.10190286285169,-37.10190286285169,-10.660082410284488,-3.9047487085690626,-0.018566997368353582,-4.818881657813104,2.1964338761867985,-1.9368463287401583,0,0,0,0
1740447099.9051387,31.489383332799292,7.099543361273589,-37.93544531336579,-37.93544531336579,-11.07685363554154,-3.5710701653408705,-0.019081484332274922,-4.849134522006929,2.1203240461880157,-1.9747831336122057,0,0,0,0
1740447100.005352,31.489383332799292,7.099543361273589,-38.52818669574276,-38.52818669574276,-11.373224326730025,-4.0893368252553515,-0.019347662229443747,-4.890882619796464,2.0248104573263035,-2.0124900184547254,0,0,0,0
1740447100.1055694,31.489383332799292,8.51945203050159,-39.157974335549284,-39.157974335549284,-11.688118146633286,-3.81955416113653,-0.019872614421120732,-4.936083040096981,1.930881182389425,-2.050196903297245,0,0,0,0
1740447100.205781,31.489383332799292,9.93936069972959,-39.80628518303959,-39.80628518303959,-12.01227357037844,-3.5213733369322036,-0.020392731594860464,-4.981465239289595,1.8453861479499056,-2.087214028051182,0,0,0,0
1740447100.30599,31.489383332799292,9.93936069972959,-40.36198015004899,-40.36198015004899,-12.29012105388314,-3.940246391146651,-0.020614842839448838,-5.015383726600582,1.7875925345014057,-2.124231152805119,0,0,0,0
1740447100.406203,29.637066670809276,11.359269384091178,-40.93619832474218,-40.93619832474218,-13.503388472224742,-3.6491650880467184,-0.020984676986149777,-5.059013531078662,1.7182787660821979,-2.1612482775590562,0,0,0,0
1740447100.5064151,29.637066670809276,12.779178053319178,-41.25109222361445,-41.25109222361445,-13.660835421660877,-3.407780606713782,-0.021521911404361705,-5.101288827355126,1.6569875954463775,-2.199415002460631,0,0,0,0
1740447100.6066368,29.637066670809276,12.779178053319178,-41.714171389111954,-41.714171389111954,-13.89237500440963,-3.855051828580528,-0.021753175162494805,-5.150240927346646,1.5913243548591838,-2.237351807332678,0,0,0,0
1740447100.706792,29.637066670809276,14.199086722547179,-42.1402042182109,-42.1402042182109,-14.105391418959101,-3.606567811009615,-0.022301834840252735,-5.201429242968919,1.5273893395020868,-2.2743689320866145,0,0,0,0
1740447100.806948,29.637066670809276,14.199086722547179,-42.52919071091128,-42.52919071091128,-14.299884665309293,-4.060938569114342,-0.022530177051264557,-5.235667257793009,1.4880924620059324,-2.310466376722441,0,0,0,0
1740447100.9071631,29.637066670809276,15.61899539177518,-42.65885284882174,-42.65885284882174,-14.364715734264522,-3.904748613438688,-0.023107305466637522,-5.27108562272041,1.449856221381812,-2.3451843011811024,0,0,0,0
1740447101.007378,29.637066670809276,17.03890406100318,-43.04783934152212,-43.04783934152212,-14.559208980614713,-3.6491650444962076,-0.023659398157635743,-5.334304914686206,1.386717692084354,-2.379672305610236,0,0,0,0
1740447101.1075356,29.637066670809276,17.03890406100318,-43.45534904190629,-43.45534904190629,-14.762963830806797,-4.082237178753406,-0.023877671971745444,-5.421291209253288,1.305320022843606,-2.41416031003937,0,0,0,0
1740447101.20775,27.78475000881926,18.458812760498354,-43.56648805110197,-43.56648805110197,-15.744691666399646,-3.911848120334618,-0.024383049416937946,-5.538901033754811,1.202284711088954,-2.447958554379921,0,0,0,0
1740447101.3079605,27.78475000881926,18.458812760498354,-43.825812326922886,-43.825812326922886,-15.874353804310104,-4.423015221310738,-0.02463615810605709,-5.648589090694302,1.1129442445688782,-2.4826764788385822,0,0,0,0
1740447101.4081721,27.78475000881926,19.878721429726355,-44.103659889396596,-44.103659889396596,-16.01327758554696,-4.252626170458743,-0.025241298587658858,-5.790802283294001,1.0047413118912631,-2.517164483267716,0,0,0,0
1740447101.5083902,27.78475000881926,21.298630098954355,-44.19627569090849,-44.19627569090849,-16.059585486302907,-4.011241689125811,-0.025808862162739987,-5.9610889383378085,0.8844672596988011,-2.5525721678149598,0,0,0,0
1740447101.6085398,25.932433346829242,21.298630098954355,-44.17775248322471,-44.17775248322471,-16.976482213456023,-4.479811542406875,-0.025997732255828486,-6.129289041868441,0