Time,GPS_X,GPS_Y,Encoder_X,Encoder_Y,Kalman_X,Kalman_Y,Theta
1738950269.4756775,0,0,0,0,0,0,1.694240625
1738950269.5759895,0.0,0.0,0.0,0.0,0.0,0.0,1.694240625
1738950269.6762092,-0.0283981683109631,0.05556946511333649,0.0,0.0,-0.01958494366273317,0.03832376904368034,1.694240625
1738950269.7762957,0.028398183444554064,0.05556946511333649,0.0,0.0,0.01252543797560354,0.04986461508268978,1.694240625
1738950269.8765173,0.14199090208917936,0.09261580151189719,0.0,0.0,0.09887218060939408,0.07837743676194166,1.694240625
1738950269.9767509,0.07099545861138516,0.05556946511333649,0.0,0.0,0.0802868277076591,0.06317140923501904,1.694240625
1738950270.0769775,0.05679638202269909,0.0740926727971214,0.0,0.0,0.06462644898162861,0.0704522895487895,1.694240625
1738950270.1772003,0.05679638202269909,0.0740926727971214,0.0,0.0,0.06462644898162861,0.0704522895487895,1.694240625
1738950270.2774246,0.014199106855867996,0.018523128714775794,0.0,0.0,0.03242355484572712,0.03252555095736717,1.694240625
1738950270.3776467,-0.0709954434777942,-0.2778474835047007,0.0,0.0,-0.03652244452943737,-0.17438980682968186,1.694240625
1738950270.4778707,-0.12779179523331136,-0.2593243547899249,0.0,0.0,-0.09736867838034458,-0.23101283884814766,1.694240625
1738950270.5781014,-0.056796351755517165,-0.3148938199032614,0.0,0.0,-0.07032046062807276,-0.28693349288982484,1.694240625
1738950270.6783292,-0.0709954434777942,-0.20375481070757928,0.0,0.0,-0.07077044919455813,-0.23148103810111742,1.694240625
1738950270.7785552,-0.14199090208917936,-0.20375481070757928,0.0,0.0,-0.11825075112435735,-0.2129968865054052,1.694240625
1738950270.8786979,0.0,-0.2778474835047007,0.0,0.0,-0.039416917041442914,-0.25623061783827406,1.694240625
1738950270.9789307,-0.014199091722277032,-0.2593243547899249,0.0,0.0,-0.022605033495332102,-0.25829310913937464,1.694240625
1738950271.0791714,-0.0709954434777942,-0.2963706911884856,0.0,0.0,-0.05486530681697355,-0.28367816383878197,1.694240625
1738950271.1793268,-0.042597275166831094,-0.24080114710613998,0.0,0.0,-0.04668661905021191,-0.25509348601702064,1.694240625
1738950271.279493,0.07099545861138516,-0.2963706911884856,0.0,0.0,0.03176809939085281,-0.2826116227979973,1.694240625
1738950271.379599,0.07099545861138516,-0.2963706911884856,0.0,0.0,0.03176809939085281,-0.2826116227979973,1.694240625
1738950271.4798267,0.042597275166831094,-0.24080114710613998,0.0,0.0,0.038987549908171666,-0.2547379723367591,1.694240625
1738950271.5800512,0.12779182550049328,-0.35194015630182207,0.0,0.0,0.10729853113303445,-0.32950888307911524,1.694240625
1738950271.6802738,0.19878728411187843,-0.1852316819928035,0.0,0.0,0.16929917364762292,-0.23173425093797834,1.694240625
1738950271.780381,0.15619000894504734,-0.3334170275870463,0.0,0.0,0.16054373885084325,-0.29964680990762116,1.694240625
1738950271.8806052,0.2839818041783587,-0.5001255018960649,0.0,0.0,0.2428525067280058,-0.4333264336072622,1.694240625
1738950271.9808328,0.18458817725601046,-0.370463363985607,0.0,0.0,0.20400874333147045,-0.3914167742171688,1.694240625
1738950272.0810575,1.1927236138697248,0.48160229421227996,0.0,0.0,0.8631536440837538,0.1905973982828445,1.694240625
1738950272.181277,0.5821627303461764,0.3148938199032614,0.0,0.0,0.6758263160380588,0.27346170246294094,1.694240625
1738950272.281493,0.5821627303461764,0.3148938199032614,0.0,0.0,0.6758263160380588,0.27346170246294094,1.694240625
1738950272.3817205,0.3407781862010578,0.3334170275870463,-0.007260083413242921,0.002831331326189324,0.4163913311490124,0.3190114088863462,1.69448125
1738950272.4819422,0.3833754462342979,0.6297876398065227,-0.0009595157896391902,0.007733341970380249,0.39401692976790464,0.5296200946228556,1.69448125
1738950272.5821717,0.35497727792333483,0.5371718382946256,-0.007260083453354715,0.002831331341832365,0.36794287134944625,0.5346638026570076,1.69448125
1738950272.682393,0.35497727792333483,0.5556949670094014,-0.0009595157949404932,0.0077333420131067854,0.35929738572158837,0.5486874283538894,1.69448125
1738950272.7825017,0.05679638202269909,0.5742181746931863,-0.0072600834934665095,0.0028313313574754055,0.15762549622414682,0.5657083102404535,1.69448125
1738950272.882741,0.22718545242284155,0.5001255018960649,-0.000959515800241796,0.007733342055833322,0.2039989167027645,0.5219863283168938,1.69448125
1738950272.9829674,0.17038910066732438,0.7409266490022048,-0.0072600835335783044,0.002831331373118446,0.18159236643293442,0.6679465827959808,1.69448125
1738950273.0831902,0.3265790793451898,0.722403520287429,-0.0009595158055430983,0.00773334209855986,0.2782501780349934,0.7042512089147828,1.69448125
1738950273.1834128,0.5253663483234773,0.611264511091747,-0.007260083573690099,0.002831331388761487,0.4429942921276272,0.6422600768194123,1.69448125
1738950273.283637,0.14199090208917936,0.8705888658816718,-0.0009595158108444014,0.007733342141286398,0.24232536535859356,0.7944792695857934,1.69448125
1738950273.3838642,-0.22718545242284155,1.7411776527943346,-0.007260083613801895,0.002831331404404528,-0.07068184650899578,1.4256115250849701,1.69448125
1738950273.4840908,-0.22718545242284155,1.7411776527943346,-0.0009595158161457042,0.007733342184012936,-0.07068184650899578,1.4256115250849701,1.69448125
1738950273.584292,-0.7667508773350049,1.0372973401906904,-0.00726008365391369,0.002831331420047569,-0.6061195625300527,1.1269083059349385,1.69448125
1738950273.6844616,-1.292117225658482,0.24080114710613998,-0.000959515821447007,0.007733342226739473,-1.0710105408486,0.5264059338359444,1.69448125
1738950273.7846847,-1.0081354214801235,0.2593243547899249,-0.007260083694025486,0.00283133143569061,-1.0290170942438523,0.3480257392306385,1.69448125
1738950273.8849144,-3.1379989982185865,-0.5371718382946256,-0.0009595158267483098,0.007733342269466012,-2.435290771093994,-0.24222591240240676,1.69448125
1738950273.9851403,-1.9168772160378986,0.1481853455942428,-0.007260083734137281,0.0028313314513336513,-2.089673930453365,0.018054136649811925,1.69448125
1738950274.0853739,-1.9168772160378986,0.1481853455942428,-0.000959515832049613,0.00773334231219255,-2.089673930453365,0.018054136649811925,1.69448125
1738950274.1856012,2.470641762939521,2.074594680381381,-0.007260083774249077,0.002831331466976693,1.4182648741453936,1.6000100497105603,1.69448125
1738950274.2857559,7.085346194339782,5.1309171568711065,-0.0009595158373509162,0.007733342354919089,5.258766736655014,3.9928564825077153,1.69448125
1738950274.3859863,7.085346194339782,5.1309171568711065,-0.0072600838143608735,0.0028313314826197344,5.258766736655014,3.9928564825077153,1.69448125
1738950274.4862049,10.947498809860134,5.593996322368611,-0.000959515842652219,0.007733342397645628,9.63804433745242,5.2254397271069974,1.69448125
1738950274.5864356,10.947498809860134,5.593996322368611,-0.007260083854472669,0.0028313314982627755,9.63804433745242,5.2254397271069974,1.69448125
1738950274.6866431,10.40793338494797,6.31639984265604,-0.0009595158479535218,0.0077333424403721665,10.234397481375687,6.070493305825847,1.69448125
1738950274.7868776,10.40793338494797,6.31639984265604,-0.007260083894584466,0.0028313315139058166,10.234397481375687,6.070493305825847,1.69448125
1738950274.8871145,10.40793338494797,6.31639984265604,-0.0009595158532548248,0.007733342483098706,10.234397481375687,6.070493305825847,1.69448125
1738950274.9873571,0.6815563572685246,2.889614002180707,-0.007260083934696262,0.002831331529548858,2.335843646742389,3.4404541274384632,1.69448125
1738950275.0875022,-0.5537645166344404,4.630791654975042,-0.0009595158585561279,0.007733342525825245,0.3606218439698523,4.25412176128851,1.69448125
1738950275.1877332,-0.5253663483234773,4.593745318576481,-0.0072600839748080594,0.0028313315451918997,-0.23169071325589286,4.481171398587448,1.69448125
1738950275.2879584,-0.21298634556697355,6.79800213686832,-0.0009595158638574307,0.007733342568551785,-0.21921725797728914,6.026205429283974,1.69448125
1738950275.3881838,-0.21298634556697355,6.79800213686832,-0.007260084014919857,0.0028313315608349413,-0.21921725797728914,6.026205429283974,1.69448125
1738950275.4883833,-0.6673572504126566,6.575724197445965,-0.0009595158691587332,0.0077333426112783255,-0.5179875727921484,6.392563929154101,1.69448125
1738950275.5886075,-0.9371399780023293,6.575724197445965,-0.0072600840550316546,0.002831331576477983,-0.8404130139033641,6.533456667842883,1.69448125
1738950275.6888494,-1.3063163173807593,6.520154653363619,-0.0009595158744600365,0.007733342654004866,-1.1561491962775101,6.524442077823407,1.69448125
1738950275.7890325,-1.8316826808378275,6.83504847326688,-0.007260084095143452,0.002831331592121025,-1.6073289347080655,6.731891916290342,1.69448125
1738950275.8892548,-2.101465393293909,6.779479008153544,-0.0009595158797613397,0.007733342696731406,-1.9368201905587612,6.7636230917335824,1.69448125
1738950275.9894876,-2.385447197472268,7.0573264916582445,-0.007260084135255249,0.002831331607764067,-2.2359116153172085,6.959429779663993,1.69448125
1738950276.0897138,-2.740424475395603,6.723909464071198,-0.0009595158850626429,0.007733342739457947,-2.5722543658952315,6.802415841999102,1.69448125
1738950276.189939,4.359120795532865,8.057577495450374,-0.007260084175367048,0.0028313316234071092,2.0486636965636293,7.639190510900982,1.69448125
1738950276.2901688,3.9047499058207733,7.798253140660449,-0.0009595158903639462,0.007733342782184489,3.2860545410625637,7.745232267358546,1.69448125
1738950276.390385,3.1663971967967317,6.3534461790546,-0.0072600842154788466,0.0028313316390501516,3.2062829779441335,6.8173748719625955,1.69448125
1738950276.4906096,0.2981809110342267,4.927162346163527,-0.0009595158956652496,0.00773334282491103,1.2675482659294888,5.5572331876146706,1.69448125
1738950276.5908427,1.0365336049246776,5.3717183039772465,-0.007260084255590645,0.002831331654693194,1.1135384919197375,5.4335565985178,1.69448125
1738950276.691069,1.221121782180688,4.7604537928854995,-0.0009595159009665533,0.007733342867637572,1.1852606854273764,4.984821394760814,1.69448125
1738950276.7912886,1.0223345283359915,4.5196526457793595,-0.007260084295702445,0.0028313316703362365,1.076643247366396,4.674708895439682,1.69448125
1738950276.89149,0.7667509076021868,4.630791654975042,-0.0009595159062678563,0.007733342910364115,0.8700483541902445,4.64543073512992,1.69448125
1738950276.9917088,0.8803436262468121,4.593745318576481,-0.0072600843358142444,0.002831331685979279,0.8769118688946229,4.61097379076096,1.69448125
1738950277.0919292,0.6389590821016935,4.5381758534631444,-0.0009595159115691595,0.0077333429530906566,0.7182766776993366,4.562441832562416,1.69448125
1738950277.192145,0.5821627303461764,4.5381758534631444,-0.007260084375926044,0.0028313317016223213,0.6275340461305631,4.546264513162901,1.69448125
1738950277.2924592,0.5253663483234773,4.464083180666023,-0.0009595159168704626,0.0077333429958171985,0.5594222475925059,4.4914769581649825,1.69448125
1738950277.392634,0.5253663483234773,4.464083180666023,-0.007260084416037843,0.0028313317172653637,0.5594222475925059,4.4914769581649825,1.69448125
1738950277.4928114,0.05679638202269909,5.353195175262471,-1.5617309274253564,0.6168451564204231,-0.19395746546275705,5.031923731788997,1.683653125
1738950277.5929928,-1.5618999532481548,5.631042658767171,-4.274292588568701,3.1995996905937565,-2.4431515555646603,4.980653036623584,1.67908125
1738950277.6931686,-8.178676151019976,5.816274340759975,-7.775447106337796,7.062959885842071,-8.188351106846524,4.8667769928662645,1.6761937500000001
1738950277.7933455,-13.432339664521932,6.149691368347021,-11.213845473101298,11.592422465238629,-13.78743052181581,4.977489644477288,1.6730656250000002
1738950277.8935122,-20.77326946446193,5.668088995165732,-14.963765829357623,16.091493371200297,-20.611589330190785,4.662694144366302,1.6764343750000001
1738950277.9936845,-26.751086580132057,6.371969307769376,-18.577524665232414,20.9217984249997,-26.935328248547286,5.012612852795558,1.66849375
1738950278.0938585,-33.7370391324159,6.649816870243086,-22.493081031253183,25.596242555051823,-33.7283876301167,5.284383403884979,1.668734375
1738950278.1940365,-40.16922715293171,3.1674614856854078,-26.09746248313491,30.55570343804275,-40.29327290245853,3.0495182024996246,1.6672906250000001
1738950278.2942145,-40.16922715293171,3.1674614856854078,-30.11743822438595,35.29316100231577,-47.19786064661625,0.5342579057011467,1.6660875000000002
1738950278.394403,-52.97680682707423,3.9269113423713975,-33.922246777156445,40.41704602840362,-53.28147204212199,2.544955859786927,1.6569437500000002
1738950278.4945812,-52.97680682707423,3.9269113423713975,-37.91754813295016,45.27914789573317,-60.298250598454,-0.09372474405346765,1.65116875
1738950278.5947607,-66.48014193507395,4.223282033559883,-41.77288641932676,50.343992974551995,-66.68950243804383,2.6366944334631928,1.6393781250000001
1738950278.6949337,-73.89206719362534,4.982731811276864,-45.807339009671516,55.2556534829927,-73.86597921072938,3.3199235869739256,1.63191875
1738950278.7951086,-80.55144066656399,4.853069673366406,-49.59397178990757,60.319464587523946,-80.68916858703994,3.389384936861716,1.616278125
1738950278.8952787,-87.70778231951515,5.242056166066789,-53.60700518417408,65.12043110128258,-87.71970867649257,3.630006438919332,1.60545
1738950278.9954562,-94.80732759044362,4.723407535455948,-57.41731678686638,70.14592998513004,-94.82343949724111,3.321811110726146,1.597028125
1738950279.0956285,-94.80732759044362,4.723407535455948,-60.927301317591294,74.88711108576865,-101.51305795635629,0.33754667513266856,1.589328125
1738950279.1957452,-108.14027359777603,4.964208682562088,-64.88557488593366,79.45820381858348,-108.19515049379719,3.1751139307753222,1.582109375
1738950279.2959166,-108.14027359777603,4.964208682562088,-68.13897954161429,84.30819375239687,-114.8324362100944,0.09466511138788913,1.5770562499999998
1738950279.3960962,-108.14027359777603,4.964208682562088,-71.92145229482148,88.58499537686824,-121.33419085281152,-2.9629072092251842,1.57416875
1738950279.4962738,-122.53815142374484,5.668088995165732,-75.39130088658497,93.34681646706524,-123.49518190342917,3.6197335568319726,1.5695968749999998
1738950279.5964487,-135.28893473099825,4.112143024364201,-79.07918236422233,97.82692875527998,-133.65589819908044,2.9499570337047363,1.5628593749999997
1738950279.6966202,-142.9706427171393,4.630791654975042,-82.72385479450818,102.50322292131983,-142.13505717422538,2.975315488873497,1.5532343749999997
1738950279.7967963,-150.21217889015693,3.0933688128882864,-86.4989273396977,107.14349449255795,-149.81112462891247,1.9099188829369442,1.5464968749999997
1738950279.8969758,-156.8715523630956,4.334420963786556,-90.0423477609679,111.88443114744452,-156.78980855232857,2.3720282070860046,1.5438499999999997
1738950279.9971507,-162.863568570488,3.8157723331757154,-93.65704602748454,116.43925884289789,-163.07295430975122,2.1919096277323122,1.5385562499999996
1738950280.0973456,-171.24103199048628,3.51940164198723,-97.38232051199152,121.06571458068768,-170.80389147547626,1.8925918013597682,1.5310968749999996
1738950280.1975253,-177.00586276058942,3.5564479783857905,-100.55900390097823,125.67219698944997,-177.0934344330226,1.8647485495567682,1.5205093749999996
1738950280.2976894,-184.7301680218973,2.2598263623741843,-102.18823755105844,129.39245897993413,-183.70826281800774,1.303392063562746,1.5289312499999996
1738950280.3978772,-191.09136058380173,1.9078861271033531,-101.90704126083864,131.20050325030644,-189.11450954015388,1.4495563671039307,1.5320593749999996
1738950280.4980533,-191.3043469445023,1.7597008604781195,-102.68344901520351,131.1552854654635,-190.74448981844353,1.5667772918104321,1.5330218749999995
1738950280.5982296,-189.62885425747592,2.2413031546903994,-101.69419887911059,131.73599634112182,-189.94324129780665,2.0466565784743675,1.5342249999999995
1738950280.6984072,-189.62885425747592,2.2413031546903994,-102.77460996796903,130.97863138453522,-190.01917795048823,2.006890011898025,1.5359093749999995
1738950280.7985961,-188.9614970070633,2.315395827487521,-101.89668891566853,131.8662416058071,-189.2486281734892,2.2217495416626023,1.5674312499999994
1738950280.8987799,-189.7850442512874,2.056071472697596,-102.82775069392585,131.20402870630275,-189.63024980885112,2.1007462648274067,1.6381749999999995
1738950280.9989548,-189.34487245329757,1.4818532980044097,-102.00758969294543,131.96488392650838,-189.4757235397817,1.6730520704957792,1.7293718749999996
1738950281.0991323,-189.08928880229658,1.4262838328910732,-102.99305660100177,131.3885147366787,-189.2728300644192,1.4923218314675182,1.8241781249999995
1738950281.1993442,-188.97569608365197,1.3707143677777367,-102.13031062027963,132.18664610598407,-189.11042889022642,1.404292896402617,1.9194656249999995
1738950281.2995427,-188.27994064979475,1.3892374964925125,-103.0977384662408,131.54670322084309,-188.5877920355059,1.391231822487389,2.0161968749999994
1738950281.3997233,-188.23734337462793,1.3892374964925125,-102.21617956181684,132.31937973789084,-188.3775374364301,1.3898919758044628,2.1131687499999994
1738950281.4999018,-188.49292701049532,1.3707143677777367,-103.14987617380172,131.63215437917782,-188.46480563641592,1.3781083264911946,2.2132687499999992
1738950281.6000779,-188.1237506559833,1.3707143677777367,-102.31066139981641,132.4430330923295,-188.2781955327889,1.3812986126265412,2.311924999999999
1738950281.7002594,-188.46452882705077,1.4262838328910732,-103.19035292613832,131.67987514838256,-188.38253676081456,1.4052413558696901,2.406731249999999
1738950281.800436,-188.6207188208622,1.4818532980044097,-102.25764496173667,132.3763784286923,-188.53411759536607,1.453352634960317,2.503221874999999
1738950281.9005187,-188.54972337738442,1.1299131417025876,-103.12857191089785,131.55608780227155,-188.5100805076713,1.219506737121282,2.599712499999999
1738950282.0008068,-188.5071261022176,1.092866805304027,-102.13446937477599,132.20975321942592,-188.4799221844535,1.1164876092098015,2.695721874999999
1738950282.1010337,-188.23734337462793,1.1299131417025876,-103.05401167678423,131.56497063286315,-188.33437318499608,1.1384897223278339,2.791009374999999
1738950282.2012494,-187.81137066836038,0.9076352022802325,-102.19071631482221,132.23663816687923,-187.98570484057228,0.9845867089627653,2.889665624999999
1738950282.3014088,-187.81137066836038,0.9076352022802325,-103.05403973348935,131.57276395192432,-187.99071168184625,0.99055803952664,2.983268749999999
1738950282.4015374,-187.01622159244724,0.5186486306108407,-102.20317039175002,132.18425403326296,-187.23395292956087,0.6171910777831797,3.076871874999999
1738950282.5016668,-186.9026288738026,0.6483108474903077,-103.02152369160683,131.44924104497454,-186.99100864722263,0.6054100530817487,-3.1093415571795875
1738950282.6018863,-187.08721705105862,0.722403520287429,-102.11674386292808,132.07186626467995,-187.0407031093527,0.6503708322671512,-3.0183853071795874
1738950282.7021103,-187.98175975389412,1.315144823695391,-102.06311268789281,131.88887980838413,-187.6000594184676,0.8243944756813488,-2.8646259321795875
1738950282.8022573,-188.0527551973719,1.204005814499709,-102.8186477185642,131.23443571081816,-187.87828827658197,0.939202245704052,-2.8516321821795874
1738950282.902472,-188.0527551973719,1.2966216949806153,-102.01609266226578,131.78004689875675,-187.9679840914225,1.0081230313963045,-2.8559634321795873
1738950283.0026023,-188.09535247253874,0.9817277961083448,-102.69799830168799,131.20966923419053,-188.03922184734537,0.9059049143284884,-2.858610307179587
1738950283.102741,-188.32253792496158,0.9261583309950083,-102.69799830168799,131.20966923419053,-188.22809923827316,0.9194071925243892,-2.858610307179587
1738950283.2030182,-188.52132519393987,0.8520656581978869,-102.39463754620232,134.4447923112881,-189.24047187470012,5.891846028355843,-2.8545196821795873
1738950283.303233,-188.52132519393987,0.8520656581978869,-102.39463754620232,134.4447923112881,-189.24047187470012,5.891846028355843,-2.8545196821795873
1738950283.4033365,-188.45032975046206,9.909894157440391,-102.042839755026,137.53298598587386,-188.85443573259445,10.36768589444476,-2.859332182179587
1738950283.5035694,-186.95942522555814,14.540685812415433,-104.96651307136369,138.27525615531212,-187.9080737725744,15.24261953940739,-2.867994682179587
1738950283.6037877,-186.05068344613395,20.486622291085865,-104.88331091116575,141.54935863395124,-187.0490187691419,20.937799190576442,-2.879544682179587
1738950283.7040107,-185.85189616202206,26.728929460944784,-108.07997161392903,142.42745254340701,-186.66694171583273,27.03810770704106,-2.885560307179587
1738950283.804244,-184.68757074673047,32.119170972605815,-108.18866914717195,145.74821427523239,-185.77613331443774,32.65749280594758,-2.884357182179587
1738950283.9043481,-184.4745843860299,38.713418298766555,-111.30188915156826,146.79555879935683,-185.34381858051162,38.97580155164038,-2.888207182179587
1738950284.00457,-184.90055709229745,45.10391081421972,-111.55269397843156,150.12465612357616,-185.49545919726367,45.35583837683627,-2.891094682179587
1738950284.1047115,-184.37519075910757,51.64258867526712,-114.79537446072234,151.0864619965518,-185.19431893512132,51.79956500498965,-2.891575932179587
1738950284.2049272,-183.77882893703912,58.1071738635174,-114.95942435538186,154.41975149238954,-184.69391041170854,58.23914728090972,-2.890372807179587
1738950284.3051615,-183.77882893703912,58.1071738635174,-118.16525408314419,155.3532901308816,-186.00655637530318,64.89839826197216,-2.8963884321795867
1738950284.4053786,-182.55770715485843,70.61031133195002,-118.22926257639433,158.87438919263536,-183.67435406015863,70.86937119625121,-2.8961478071795868
1738950284.5054839,-181.27978900578861,76.33396979222908,-121.65831887747427,159.7395567984605,-182.49456288997692,76.75346515195477,-2.8975915571795867
1738950284.6056702,-180.75442265746514,82.98378666247217,-121.66266841896886,163.28078822856492,-181.79203014682574,83.16106784615754,-2.8985540571795867
1738950284.7058883,-179.47650452352894,88.78153779554836,-125.05586964228387,164.24121067306527,-180.71766184498773,89.1926734620901,-2.8966290571795867
1738950284.8061109,-178.1133918241255,95.0053218366925,-125.20714398588412,167.63647942144843,-179.43751392050393,95.3076360515079,-2.8995165571795867
1738950284.9063218,-177.09105729578948,100.91421197896437,-128.52985374715468,168.53096498790921,-178.3284020494751,101.24828937350198,-2.9033665571795866
1738950285.0064614,-175.51495825081906,107.08242647602617,-128.57377495501552,172.0389018109711,-176.9207321237472,107.35921695375477,-2.9091415571795864
1738950285.1066802,-174.26543828519382,112.52823753176955,-131.93679006058275,173.0796575052613,-175.6406690910439,113.06715086727905,-2.9185259321795867
1738950285.2068954,-172.618343781612,118.88168363185514,-132.22979458528488,176.5210538711752,-174.12851492020246,119.16272679184652,-2.9348884321795867
1738950285.307091,-170.80086019249646,124.93875919869026,-135.71676036476998,177.44907748743816,-172.42690134229068,125.1332625913498,-2.9579884321795866
1738950285.407221,-169.97731294827233,131.1625431608654,-135.72266854014686,181.49713176826148,-171.39518132708827,131.39309078914744,-2.970260307179587
1738950285.5074422,-168.7135938909248,136.5713078012412,-139.9006284129363,182.1348551728211,-170.19681095992743,136.93797893014113,-2.987344682179587
1738950285.6075435,-168.62839934059116,142.42462847839974,-139.52963086476748,186.53646461476296,-169.79190477866442,142.73036093087853,-2.9897509321795868
1738950285.707736,-168.17402843574547,148.8151209938529,-143.87787176323667,187.3227038774928,-169.36517845612926,148.93982415212145,-2.9988946821795865
1738950285.8079588,-168.37281570472376,154.35354785110817,-143.7051240578699,191.56725710490787,-169.35495876346926,154.63142268578278,-3.0070759321795864
1738950285.9081726,-167.94684298332263,161.54053648067688,-147.76006221474813,192.83943083850033,-169.1259607539235,161.44312875513472,-3.0080384321795863
1738950286.0083938,-167.9610420901785,167.597611968543,-148.10413776450875,196.83208766904562,-169.0332846879183,167.66454667665158,-3.0111665571795863
1738950286.1085873,-168.58580206542433,173.32127050779107,-151.92058146063903,198.12600521604185,-169.42229952086083,173.54209759402207,-3.019107182179586
1738950286.2086895,-168.78458933440263,179.85994836883847,-152.2771444365764,202.18453877043225,-169.70367638959968,179.86226435839413,-3.026807182179586
1738950286.308836,-168.78458933440263,179.85994836883847,-156.1907680313375,203.49540193899935,-171.85413448966364,186.11896873216523,-3.036672807179586
1738950286.4090319,-169.7501274958495,192.23342369936063,-156.48215238145076,207.84609830421985,-170.76358416254797,192.31043371072047,-3.042929057179586
1738950286.5092146,-169.70753022068266,198.08674429755015,-160.61487101345958,209.35941684660116,-170.8153290666066,198.34587526417303,-3.052072807179586
1738950286.6093647,-169.79272477101634,204.19938932949862,-161.14922056057173,213.6926656291417,-170.93491960876554,204.41160744311483,-3.0643446821795863
1738950286.7095628,-186.135877981334,212.0717351429562,-165.3059554114368,215.2814995584458,-181.899825859498,211.66537621872504,-3.0758946821795865
1738950286.8097057,-187.32860159520374,217.99914849291184,-165.9575588629094,219.54847369348806,-186.34987379064552,217.96713318527486,-3.0869634321795867
1738950286.9099262,-188.1095515793946,223.66723748807757,-169.98327943720713,221.31864424126235,-188.38568827635174,223.85873077672417,-3.0857603071795867
1738950287.01015,-188.97569608365197,229.7984056487408,-170.70159003310494,225.6535641327757,-189.63920679548013,229.9110793977837,-3.0932196821795865
1738950287.1102986,-189.8418406030429,236.0777591549983,-174.7228071701759,227.60196313016138,-190.67318729431733,236.1633763121792,-3.1033259321795867
1738950287.2104008,-190.70798513756745,242.35711266125577,-176.44818280637688,229.42775099912953,-191.26267935258005,241.60415682389473,-3.117282182179587
1738950287.3105927,-190.70798513756745,242.35711266125577,-178.66350398560564,228.6612545706397,-191.78239130323618,242.7631687345284,-3.1208915571795868
1738950287.4107292,-191.14815693555727,244.63546215234473,-177.6993627938444,229.4644858137649,-191.30119406909924,244.21813840975926,-3.119207182179587
1738950287.5108306,-190.9351705899903,244.52432314314905,-178.8982943377693,228.06661789908,-190.9716106698467,244.24473874626867,-3.094904057179587
1738950287.6110275,-190.82157785621206,244.13533665044866,-177.2923980204588,228.79233184110996,-190.77887128748665,243.95228764977895,-3.026566557179587
1738950287.7112565,-190.8641751313789,243.70930382134972,-178.29572833610126,227.80144904098248,-190.80117365228867,243.68958164181456,-2.9372946821795867
1738950287.8114195,-190.8499760396566,243.37588679376267,-177.13180059540923,228.50664895103813,-190.8051291438371,243.36443381009101,-2.8434509321795867
1738950287.911606,-190.72218422928972,243.0795161815432,-178.1472281640194,227.54130164613926,-190.7307193774715,243.04602561600868,-2.744313432179587
1738950288.0118213,-191.11975876724628,242.5238211355648,-176.98912689172136,228.31613059761793,-190.98390054862773,242.57075952106797,-2.646379057179587
1738950288.1120405,-191.09136058380173,242.48677479916623,-178.0483401315047,227.4137320850406,-191.06169396601192,242.39023939759696,-2.552054057179587
1738950288.2122622,-191.3043469445023,241.91255670344205,-177.00753640747777,228.18109117373473,-191.24578130604777,241.91753779168232,-2.455322807179587
1738950288.312362,-191.3043469445023,241.91255670344205,-178.0922289131646,227.35425084957984,-191.37381614844412,241.39531180034209,-2.362200932179587
1738950288.412463,-191.64512511556975,241.07901417395894,-178.05223507890548,227.51091076494887,-191.71790040520523,240.83469444649003,-2.173550932179587
1738950288.512588,-192.69585781221673,240.72707401765712,-178.05223507890548,227.51091076494887,-192.38064840005188,240.76176159389115,-2.173550932179587
1738950288.612806,-192.59646418529437,240.819689819169,-176.99443489286676,228.43232349837643,-192.5673880905794,240.72642825172682,-2.078504057179587
1738950288.713022,-192.59646418529437,240.819689819169,-178.3131842973994,227.61485344013545,-192.81094563728365,240.38327443005426,-1.986585307179587
1738950288.8132126,-193.46260868955173,239.96762416097113,-177.2355079700758,228.72474517571547,-193.3801693944318,239.9843838093465,-1.891779057179587
1738950288.9133492,-193.57620142332993,240.0787631701668,-177.39137786849471,229.0116438277988,-193.77711663993875,239.827157654926,-1.702166557179587
1738950289.0135431,-193.71819234055272,239.893531488174,-178.57162258114005,228.27359661298996,-193.90754541854648,239.76092656649746,-1.605916557179587
1738950289.1137638,-193.9311786861197,239.8009156866621,-177.57047262565482,229.25704277666802,-194.10983554345825,239.6902531285226,-1.509425932179587
1738950289.2140002,-194.25775776546487,239.93057782457257,-178.83141837312854,228.56938764087707,-194.28363379736226,239.85083927340332,-1.415582182179587
1738950289.314226,-194.25775776546487,239.93057782457257,-177.80267386933332,229.6288664455524,-194.50760935689007,239.78384918342337,-1.3178884321795872
1738950289.4144387,-194.72632776203284,239.96762416097113,-179.01790316369443,228.88274619057174,-194.82408915647488,239.87551978421132,-1.2211571821795872
1738950289.5145435,-194.72632776203284,239.9120546958578,-177.94217457285725,229.86066368520443,-194.87514476034903,239.88869330896677,-1.1569103071795872
1738950289.6146767,-194.82572138895517,240.0046704973697,-179.08867166271008,229.016524110768,-194.88113246130004,239.9647822945781,-1.1436759321795873
1738950289.7148879,-195.18069865174493,240.1713789716787,-177.95784539755456,229.89633829648173,-195.0808477647542,240.1025165228583,-1.1504134321795874
1738950289.8150303,-195.2516941254899,240.02319362608446,-179.10090050683658,229.02618873798147,-195.21032585541315,240.04923773090982,-1.1537821821795873
1738950289.9152527,-195.16649957515625,240.2825179808744,-176.42553438736496,228.7029925026804,-193.22596815192017,240.2611340010051,-1.1511353071795873
1738950290.0153883,-195.28009229380086,240.2825179808744,-174.6994034261459,224.3897706333582,-189.99930180890456,240.3957426001054,-1.1554665571795872
1738950290.1155457,-192.78105236255038,240.09728629888158,-169.56794484741863,220.60609917500832,-185.5291230450618,240.38980505565115,-1.1670165571795872
1738950290.215757,-186.30626706686775,239.96762416097113,-166.62802856538883,214.38610846218083,-184.52605646414185,240.13242472398554,-1.1841009321795872
1738950290.315975,-186.30626706686775,239.96762416097113,-161.08117389124834,209.97728739941562,-177.3849211302428,240.55528432919886,-1.2043134321795872
1738950290.4161952,-174.00985464932643,239.00441949357756,-158.13770810044304,203.66998036184236,-168.02870074203753,240.06644653921234,-1.2168259321795871
1738950290.5163312,-167.47827300188825,240.0046704973697,-152.6198672707429,199.2860003947976,-160.5065620930661,240.68433192640535,-1.2221196821795872
1738950290.616435,-161.55725223797364,239.22669751196892,-149.78933213287903,192.94805637362725,-154.15706526281437,240.3995600525635,-1.2290978071795873
1738950290.7166195,-154.5712997008234,239.54159133187218,-144.3465398448182,188.70885041418353,-147.42684746286318,240.55987883594048,-1.2387228071795873
1738950290.8168352,-148.1391116803076,239.59716079698552,-141.51205243396134,182.43031470362857,-140.87171499714435,240.7213160444642,-1.2430540571795872
1738950290.9170218,-141.6359282011804,239.2452206406837,-136.18475502082254,178.21583630247778,-134.4476194769569,240.5599260150514,-1.2502728071795872
1738950291.0172057,-135.24633745583142,239.4489755303603,-133.47396946374548,172.11704492795675,-128.1608877295344,240.67836003494165,-1.2671165571795873
1738950291.117417,-129.3963121505282,240.06023996248302,-127.808992892472,167.8674147931649,-121.76417257359257,241.29970196674105,-1.2810728071795874
1738950291.2175205,-122.65174414238946,240.0046704973697,-125.257271955998,161.55436377393175,-115.41240847650351,241.52923901134486,-1.2979165571795874
1738950291.3176568,-122.65174414238946,240.0046704973697,-119.77309064512802,157.66985403951196,-108.56508617182925,242.7255128830987,-1.3118728071795873
1738950291.417853,-109.54598355721272,240.98639829347803,-117.03594322121683,151.33200071761848,-102.18338585598028,242.73737417817,-1.3186103071795874
1738950291.5180671,-103.24158736219741,241.04196783756038,-111.84272968496268,147.32809268610958,-96.10999944101104,242.920126849379,-1.3243853071795875
1738950291.6182878,-96.9939875189376,241.80141769424637,-109.13024879894832,141.29690901957395,-89.81839582873616,243.56392403724573,-1.3356946821795874
1738950291.7183905,-90.78898495084464,242.85723816315183,-103.89304244783523,137.2441218295898,-83.57688941412229,244.56630321252103,-1.3433946821795875
1738950291.8184924,-84.11541240131729,242.83871503443706,-101.31032378149568,131.2622253069277,-77.15005588235755,244.92088478350732,-1.3535009321795874
1738950291.9186363,-77.61222893732369,243.87601229565874,-95.98980638819506,127.28773143356749,-70.5512645719308,245.8309150527241,-1.3616821821795875
1738950292.019292,-71.71960634172004,244.13533665044866,-93.60129853877861,121.2948142634449,-64.63358502550133,246.31607936718834,-1.3751571821795874
1738950292.1194558,-65.03183470047043,245.15411086192458,-93.60129853877861,121.2948142634449,-64.89908481703768,245.54143367301856,-1.3751571821795874
1738950292.2196813,-58.727438505455105,246.11731552931815,-88.45873099544642,117.64670158230376,-58.60270478106688,246.48296705932768,-1.3917603071795874
1738950292.319905,-58.727438505455105,246.11731552931815,-85.99772856350697,111.80215911034554,-51.93519407609732,248.3053401924427,-1.4030696821795874
1738950292.4201062,-46.72920698381442,248.3030491399262,-80.66327556411571,107.94401515267235,-46.33799387426402,248.75828563907717,-1.4211165571795874
1738950292.5202546,-39.558666269408164,249.02545266021363,-78.30587319976097,101.9950446495542,-39.572033469726065,249.60200442294317,-1.4307415571795874
1738950292.6203938,-33.18327460064787,251.0259546677979,-72.91999625340586,98.23921595406802,-33.01477908664155,251.27605710913812,-1.4480665571795874
1738950292.7204947,-27.035068399444008,251.87802032599578,-70.67332614205617,92.25684118947164,-26.782034152583062,252.429330710331,-1.4586540571795874
1738950292.820687,-20.75907038787324,253.1746420209764,-65.48020933886642,88.70884733713463,-20.555446545697507,253.6927525662019,-1.4709259321795873
1738950292.9208295,-14.710257798458137,254.32307837036277,-63.207383303582056,82.85439120340251,-14.430061389301168,254.9163054747849,-1.4834384321795873
1738950293.0209856,-8.093481600686316,255.89754746987907,-58.05421720702114,79.29319516401152,-7.984874406742156,256.4025382358602,-1.5125540571795872
1738950293.1212108,-1.9310763077601758,257.67577145907194,-55.84099643366177,73.63097235723427,-1.7653969029427712,258.1428213451599,-1.5322853071795872
1738950293.2214956,4.586306247955707,259.2502406375573,-50.65406252185723,70.16757258893062,4.699065981451155,259.8432550643533,-1.5474446821795873
1738950293.3217115,10.720313357437291,261.5656364650448,-48.661841824193075,64.42799112211051,10.890477332178817,261.9703157524369,-1.5563478071795873
1738950293.4218106,16.925315940663854,263.39942999832004,-43.54127777213877,61.13921932609365,17.091587178375864,263.9255547648805,-1.5599571821795872
1738950293.522,22.803739429411632,264.9553759691216,-41.5830573280873,55.386354011758236,23.081007129639268,265.6257365821768,-1.5647696821795873
1738950293.622189,29.0797374409824,267.3078181330077,-36.690547122053374,52.16238253084012,29.190766237161636,267.74027753070123,-1.5715071821795874
1738950293.7222896,35.27054093248668,269.23422746779477,-34.97574434293412,46.72848754866945,35.27987347891692,269.71106358595335,-1.5799290571795874
1738950293.8223934,40.77978805158885,270.9198356554758,-30.09375987037284,43.780185927491544,40.98112530919895,271.51226697537703,-1.5871478071795875
1738950293.9225326,46.445225194769655,272.56839750675823,-28.348910315240808,38.35297067911571,46.674512554930004,273.23795361262404,-1.5895540571795874
1738950294.0227554,52.84901501670733,274.97640913575765,-25.85058953923599,35.88981744316317,52.123796466626835,275.0649838446685,-1.5924415571795874
1738950294.122973,56.654371280472155,276.23598449433973,-26.974922043834766,33.54441489989648,55.589397022794486,276.0703999840495,-1.5967728071795873
1738950294.2231112,54.808489523045644,275.73585899244364,-25.860170440901005,34.38882408933118,55.07573326873742,275.85091445745434,-1.5989384321795872
1738950294.3232555,54.808489523045644,275.73585899244364,-26.104877305173694,34.67036173714456,54.646107319735044,275.62989607439494,-1.5787259321795872
1738950294.4233656,54.62390134578963,275.6061968545332,-27.24881124040897,33.842305161018515,54.572993557851454,275.58433819808306,-1.5094259321795873
1738950294.523595,54.751693156156534,275.53210418173603,-27.24881124040897,33.842305161018515,54.694095764967294,275.54893993907103,-1.5094259321795873
1738950294.6237762,54.339919526477686,275.6061968545332,-27.34122432222064,33.979668646108834,54.336917282408066,275.5472706140302,-1.3243853071795875
1738950294.7239976,54.339919526477686,275.6802895273303,-26.495987680339805,35.00776754962416,54.02575347846948,275.57267192145423,-1.2307821821795875
1738950294.8242238,54.212127716110786,275.55062731045086,-27.639549167002787,34.43657470801411,53.88653823742068,275.52998870008514,-1.1379009321795874
1738950294.9243329,54.11273407405484,275.45801150893897,-26.596454680205415,35.26736473951069,54.02175186481605,275.4818020311274,-1.0493509321795875
1738950295.0244424,53.92814589679883,275.45801150893897,-27.662873139469816,34.46699410918718,53.93603672945936,275.467707470066,-0.9571915571795875
1738950295.124669,54.09853499746616,275.64324319093174,-26.6436067055948,35.3290463499205,53.99058625361938,275.5938396835547,-0.8616634321795875
1738950295.2248576,53.94234498852111,275.4950578453375,-27.698768284832486,34.517964539645966,53.95090131595316,275.53001324072807,-0.7666165571795875
1738950295.3249526,53.82875226987648,275.5135809740523,-26.698860500862626,35.42296404358204,53.77459906785152,275.55458775464336,-0.6739759321795875
1738950295.4251719,53.700960444375994,275.25425669823136,-27.807122825511506,34.666312763053426,53.648357740092344,275.39172746254343,-0.5808540571795875
1738950295.5252721,53.61576590917592,275.4950578453375,-26.824331383489394,35.64587808896423,53.47328131988036,275.553393066058,-0.4911009321795875
1738950295.62537,53.33178408986397,275.4024419648566,-27.979432103908803,34.85543477067534,53.303602726719646,275.5081417512489,-0.4025509321795875
1738950295.7254708,53.51637226711998,275.64324319093174,-26.890040556197945,35.58217479718266,53.527295608134814,275.52607550471697,-0.31159468217958747
1738950295.8255684,53.38858047188667,275.82847479395554,-27.87364258614903,34.727146470577864,53.49371301644144,275.66539154773767,-0.21654780717958744
1738950295.9256952,53.658363184342754,275.80995166524076,-26.809690223054766,35.516952072474936,53.627442250738696,275.7310414842913,-0.12198218217958744
1738950296.0258276,53.814553178154206,275.86552113035407,-27.853274598802614,34.57962686517064,53.82761847591572,275.7024387165126,-0.025250932179587446
1738950296.126047,54.04173863057705,275.958137010835,-26.69633294466962,35.38589314365703,54.02341670571796,275.76874704062493,0.07123969282041255
1738950296.2262352,54.04173863057705,276.06927602003066,-27.76580604245779,34.48790058980284,54.06984738591109,275.8820727050026,0.16700844282041255
1738950296.326331,54.16953044094395,276.0137064759483,-26.64708613492097,35.29273099295286,54.16632988938359,275.86494518892437,0.26325844282041255
1738950296.4264345,54.22632679269947,275.958137010835,-27.723089994820125,34.39052697261669,54.23038125856108,275.7968001678987,0.3583053178204126
1738950296.5265632,54.18372954779982,275.93961380315125,-26.625809449009118,35.173559346384735,54.21563042791887,275.7057019571984,0.4526303178204126
1738950296.6266906,54.25472499127761,275.64324319093174,-27.70375925271895,34.27150999737433,54.2400533623009,275.4224964873149,0.5505646928204126
1738950296.7268772,54.35411861819996,275.71733586372886,-27.955462958818345,33.77371968891475,54.09045719133131,273.47232033802464,0.6191428178204126
1738950296.826997,54.55290588717825,275.5691505181346,-29.460153529490785,32.35188988623597,53.585800043016945,270.22627979137116,0.6472959428204126
1738950296.9271858,54.49610952028914,273.30932415576046,-29.262501127388106,32.389547622149735,52.87353120531293,265.8223937797998,0.6612521928204126
1738950297.027286,53.45957591536446,266.7891695023968,-29.798237794790676,31.973214263609126,51.748467438905514,259.53949806566743,0.6660646928204126
1738950297.127389,53.04780228568561,260.69504767813214,-29.48758923249615,32.26021597908938,51.009434482041215,253.13887996359463,0.6658240678204126
1738950297.227586,51.50010140902614,254.43421730058944,-30.09414783439061,31.8332381133039,49.66329642049186,246.51926890038192,0.6571615678204126
1738950297.327772,50.6907532565243,247.0990433254265,-29.367757508512025,32.35996788551195,48.772593554387406,239.56078814796388,0.6475365678204126
1738950297.4279578,50.051794189556205,240.20842530807727,-30.127607959208564,31.636193380149585,48.09082635558698,232.48766506876842,0.6371896928204126
1738950297.5281484,48.78807513220868,233.03995980722334,-28.92994620767585,32.34520414011048,47.162551335771205,225.6644722141606,0.6237146928204126
1738950297.6283412,47.950328781128704,226.5383283615435,-29.96203534446762,31.18737759897069,46.36545891378644,218.8918108584973,0.6119240678204126
1738950297.7284818,47.155179720349146,219.74032614570618,-28.269013471005863,32.05962322820803,45.71315926184416,212.4253349006658,0.6044646928204126
1738950297.8286133,46.47362336308062,213.01641668163498,-29.68956604357667,30.423654954559723,45.05322253076568,205.52471067443597,0.6030209428204126
1738950297.9288354,45.50808521676733,206.29250713859477,-27.583411986131736,31.534142229769976,44.23423910821293,198.95572329173058,0.5982084428204126
1738950298.0290537,45.01111703675481,199.67973668371926,-29.458346404911993,29.471283046631974,43.60251865165141,191.95170582906206,0.5856959428204126
1738950298.1292734,44.47155159670906,192.622410192061,-26.81339981072557,30.820859345497638,43.148811767992484,185.06039824622033,0.5816053178204126
1738950298.2294316,43.747397979407296,186.49124203139777,-28.728407305209124,28.587515292235825,42.549053306678445,178.70256955396945,0.5664459428204126
1738950298.3295274,43.44921708350666,179.60062401404855,-26.20946208552105,29.630942945493288,42.22942139209256,171.7122220638433,0.5541740678204126
1738950298.4297504,42.725063466204894,172.78409866949644,-27.6689059742196,27.48085828764675,41.7493156031636,164.97423298360036,0.5344428178204126
1738950298.5298808,42.05770620065864,166.5603146283523,-25.122181697985326,28.26155045165832,41.29157231998495,158.56450613385223,0.5286678178204126
1738950298.6300635,41.80212257992484,158.94729316968466,-26.392291643816108,26.03782195708205,41.02140608802208,151.46536553485572,0.5178396928204126
1738950298.7302575,41.43294622541282,152.33452263584013,-23.953739692485765,26.5766806159489,40.75593175730893,144.55993275913468,0.5118240678204127
1738950298.8303578,41.44714530200151,145.33276568826423,-25.13962011522167,24.212599989152462,40.7126934622951,137.4472095808887,0.5009959428204127
1738950298.93049,41.27675623160136,131.38482117925676,-22.43786185473016,24.78690678178009,41.0246977312702,131.1068093860854,0.49281469282041274
1738950299.0307064,41.27675623160136,131.38482117925676,-23.58702412909612,22.29606939704652,40.67158984923082,123.59520608709286,0.48246781782041276
1738950299.1309218,41.20576077298998,124.60534217110322,-20.66079085338266,22.936822126728824,40.76175180636601,117.01076009946554,0.47188031782041273
1738950299.2311413,41.1915616812677,118.06666431005581,-22.195634090658718,19.919911806441924,40.84925416706525,110.07270731821575,0.4591271928204127
1738950299.3312445,41.1915616812677,118.06666431005581,-18.526527450085464,20.945579932332187,40.75369424395957,102.88073482702931,0.4449303178204127
1738950299.431344,41.503941684024205,104.56327583783107,-20.444310678869538,17.45556698591129,41.337499395293285,96.82654006020748,0.43891469282041273
1738950299.5314474,42.213896209603696,90.44862285451458,-16.545950868822153,18.440354757630857,42.03788129694859,90.29277867030018,0.43386156782041274
1738950299.6315496,42.213896209603696,90.44862285451458,-18.479372642064135,14.819840571370928,42.126655986621316,82.88250915473469,0.4326584428204127
1738950299.7316847,43.335624364862035,77.33422079602121,-14.394500233872375,15.913216598770218,43.14174683874016,76.96662640447816,0.4326584428204127
1738950299.8318129,43.619606169040395,70.57326499555145,-16.517472215323995,12.14988070333068,43.49264404230654,70.25251587452348,0.4302521928204127
1738950299.9320254,43.81839343801868,63.849355531480256,-12.407316155780098,13.180347424037915,43.74864110370801,63.4929977189137,0.4266428178204127
1738950300.0322623,44.627741590520515,57.34772400683141,-14.14725944666234,9.743054541131443,44.379985514389666,57.03801066181726,0.4218303178204127
1738950300.1324825,44.627741590520515,57.34772400683141,-10.54016130696129,10.337352604456246,44.55678390382219,49.67608787328611,0.4177396928204127
1738950300.232617,44.85492704294336,50.32744385157173,-11.873448321913212,7.103200234881326,44.95764069714289,42.92055762123566,0.4150928178204127
1738950300.3327506,45.522284293356016,37.120425991566464,-8.544562683939011,7.398372309858547,45.44472448626203,36.74414902776438,0.4160553178204127
1738950300.432875,46.2322388189355,30.526178665405723,-9.587454576872997,4.33452518854151,46.04872467489987,30.1703881960251,0.4160553178204127
1738950300.5330584,46.2322388189355,30.526178665405723,-6.409299377673064,4.530803699662613,46.26919535596442,22.770663253791028,0.4165365678204127
1738950300.633231,46.99898972653769,23.61703751934172,-7.350060058726639,1.5435757487315618,46.97192645814083,15.99064012036122,0.4162959428204127
1738950300.733402,47.666346976950344,17.30063767668568,-4.418911006821863,1.4684732153879259,47.66148447607263,9.199537382134313,0.4110021928204127
1738950300.8335109,48.14911605010699,10.021033166636073,-4.910602084562054,-1.255994463951392,48.246610422875804,2.2863939000690543,0.39656469282041273
1738950300.9337037,48.745477857041855,3.5379248496710147,-1.9367261408328496,-1.346491596524498,48.936541586293274,-4.125392214827839,0.37899906782041276
1738950301.0338986,48.95846420260883,-3.27860049488109,-2.5371071582300884,-4.409064726064623,49.44249637965717,-10.900689862558618,0.3664865678204128
1738950301.134117,49.54062693295501,-9.928417365124176,0.6988772260211706,-4.569967460249193,50.08487785791584,-17.507930325091486,0.35060531782041277
1738950301.2343576,50.63395690476879,-16.244817207780216,-0.021538434519919436,-8.069552064452676,51.17267986525609,-24.22149277525918,0.33905531782041276
1738950301.3345783,50.63395690476879,-16.244817207780216,3.581564938971116,-8.339015852599507,51.9891217624266,-31.838024927809503,0.32052719282041275
1738950301.4347177,53.01940411737465,-29.970483698396322,3.1177619485271375,-11.90969087806863,53.72932068652056,-37.92423797734641,0.30921781782041274
1738950301.5349352,53.45957591536446,-37.41679668275495,6.748878255778225,-12.410220216656029,54.58345342310792,-45.122817012576554,0.29068969282041274
1738950301.6351242,54.325720449889,-44.474123174413194,6.56171204513001,-15.95928946498981,55.557708941404016,-52.019046118371904,0.27577094282041276
1738950301.7352645,55.83082405138163,-51.08689362928871,10.190067587287134,-16.625566289363384,56.979602705856514,-58.616887496306894,0.2632584428204128
1738950301.8353755,56.995149451539625,-57.866372637442254,10.088349282554152,-20.236229282858964,58.29592739252834,-65.18958524285709,0.2509865678204128
1738950301.9355974,58.7842348874778,-63.75673965099935,13.645642872605766,-21.150161503194727,60.03223166930406,-71.38258803089242,0.24593344282041277
1738950302.035816,60.23254210694774,-70.35098697716009,14.76519665190283,-22.844327886567683,61.1623312743317,-75.61337148308735,0.23967719282041278
1738950302.1360335,61.85123842708501,-76.92671117460606,17.68359966607337,-21.49074092317178,61.98371391632426,-78.22040085411425,0.23895531782041277
1738950302.2362568,62.972966582343346,-80.40906648019472,16.43247163866394,-22.520798827766853,62.74984902886753,-79.9286291500596,0.23847406782041278
1738950302.3363583,62.972966582343346,-80.40906648019472,17.793242731910812,-21.458031990320364,62.74824464955336,-79.9210034556478,0.23871469282041277
1738950302.4365702,62.24881296504158,-79.63109349479396,16.42489962392952,-22.52263973097545,62.40978681371146,-79.72453554825918,0.23871469282041277
1738950302.5367892,62.220414796730616,-79.48290814919972,17.793242830218073,-21.4580321088755,62.28330779047393,-79.56315585812493,0.23871469282041277
1738950302.637002,62.19201659815247,-79.74223250398964,16.424899714676716,-22.522639855412518,62.22243462676956,-79.68256455136411,0.23871469282041277
1738950302.7371857,62.19201659815247,-79.79780196910298,17.79324292852533,-21.458032227430635,62.20215548312714,-79.75939123124942,0.23871469282041277
1738950302.837295,62.319808423652965,-79.63109349479396,16.424899805423912,-22.522639979849586,62.280590973597604,-79.67385919235468,0.23871469282041277
1738950302.9374459,62.34820659196393,-79.5940471583954,17.79324302683259,-21.458032345985774,62.32566806507449,-79.62065115488252,0.23871469282041277
1738950303.037663,62.475998417464425,-79.72370937527486,16.42489989617111,-22.52264010428666,62.425888303105346,-79.68935663727217,0.23871469282041277
1738950303.1377926,62.64638750299815,-79.79780196910298,17.793243125139853,-21.458032464540914,62.57288777020646,-79.76165352540819,0.23871469282041277
1738950303.238014,62.63218841127588,-79.83484830550154,16.424899986918305,-22.52264022872373,62.61242153093452,-79.81045004548908,0.23871469282041277
1738950303.3382277,62.63218841127588,-79.83484830550154,17.793243223447114,-21.458032583096053,62.61242153093452,-79.81045004548908,0.23871469282041277
1738950303.4383295,62.73158205333182,-79.76075563270442,16.424900077665498,-22.522640353160803,62.70408347124175,-79.77222357411559,0.23871469282041277
1738950303.5385494,62.603790227831325,-79.6866630388763,17.793243321754375,-21.458032701651188,62.63611614926099,-79.71424040147397,0.23871469282041277
1738950303.6387615,62.58959115124264,-80.11269586797525,16.424900168412695,-22.522640477597875,62.605042728809565,-79.98036344863408,0.23871469282041277
1738950303.7389722,62.75998022164278,-79.98303365109578,17.79324342006164,-21.458032820206327,62.70835538280525,-79.98214394538783,0.23871469282041277
1738950303.839192,62.660586594720435,-79.98303365109578,16.42490025915989,-22.522640602034947,62.67650880499476,-79.98273709591965,0.23871469282041277
1738950303.9392886,62.70318386988726,-79.90894097829866,17.7932435183689,-21.458032938761466,62.694292226206535,-79.93353956074077,0.23871469282041277
1738950304.0393908,62.660586594720435,-79.964510522381,16.424900349907087,-22.52264072647202,62.67182179895179,-79.9541868742567,0.23871469282041277
1738950304.1396067,62.70318386988726,-79.83484830550154,17.79324361667616,-21.458033057316605,62.69272984688971,-79.87462782595566,0.23871469282041277
1738950304.23982,62.56119295266449,-79.89041784958388,16.424900440654284,-22.52264085090909,62.605038583771105,-79.88515450841071,0.23871469282041277
1738950304.3400362,62.56119295266449,-79.89041784958388,17.793243714983422,-21.458033175871744,62.605038583771105,-79.88515450841071,0.23871469282041277
1738950304.4402616,62.603790227831325,-79.70518616759108,16.424900531401484,-22.522640975346164,62.60407830997112,-79.74671732314285,0.23871469282041277
1738950304.5403643,62.6179893195536,-79.89041784958388,17.793243813290687,-21.458033294426887,62.61350560572141,-79.84410115098075,0.23871469282041277
1738950304.6405828,62.57539204438677,-79.74223250398964,16.424900622148684,-22.52264109978324,62.58805007070371,-79.77606445170933,0.23871469282041277
1738950304.7407975,62.53279476921994,-79.90894097829866,17.79324391159795,-21.45803341298203,62.551205716640446,-79.86466680588872,0.23871469282041277
1738950304.8410146,62.57539204438677,-79.83484830550154,16.424900712895884,-22.522641224220315,62.56733029922679,-79.8447873567579,0.23871469282041277
1738950304.9412386,62.39080386713076,-79.76075563270442,17.793244009905216,-21.458033531537172,62.449645715904246,-79.78876606683725,0.23871469282041277
1738950305.041449,62.6179893195536,-79.72370937527486,16.424900803643084,-22.522641348657395,62.56187481628957,-79.74539492703856,0.23871469282041277
