Time,GPS_X1,GPS_Y1,GPS_X2,GPS_Y2,GPS_MIDX,GPS_MIDY,GPS_MID_Theta,DR_X,DR_Y,DR_Theta,DR_X_r,DR_Y_r,DR_Theta_r,Kalman_X,Kalman_Y,Kalman_Theta,Painting
1740766208.5034368,0,0,0,0,0,0,0,0,0,0,0,0,0,0,0,0,0
1740766208.60389,0,0,0,0,0,0,0,0,0,0,0,0,0,0,0,0,0
1740766208.7044084,0,0,0,0,0,0,0,0,0,0,0,0,0,0,0,0,0
1740766208.8049183,0,0,0,0,0,0,0,0,0,0,0,0,0,0,0,0,0
1740766208.9054434,0,0,0,0,0,0,0,0,0,0,0,0,0,0,0,0,0
1740766209.005844,0,0,0,0,0,0,0,0,0,0,0,0,0,0,0,0,0
1740766209.1062727,0,0,0,0,0,0,0,0,0,0,0,0,0,0,0,0,0
1740766209.206794,0,0,0,0,0,0,0,0,0,0,0,0,0,0,0,0,0
1740766209.3072238,0,0,0,0,0,0,0,0,0,0,0,0,0,0,0,0,0
1740766209.4076612,0,0,0,0,0,0,0,0,0,0,0,0,0,0,0,0,0
1740766209.508129,0,0,0,0,0,0,0,0,0,0,0,0,0,0,0,0,0
1740766209.6086435,0,0,0,0,0,0,0,0,0,0,0,0,0,0,0,0,0
1740766209.7091541,0,0,0,0,0,0,0,0,0,0,0,0,0,0,0,0,0
1740766209.8096533,0,0,0,0,0,0,0,0,0,0,0,0,0,0,0,0,0
1740766209.9101524,0,0,0,0,0,0,0,0,0,0,0,0,0,0,0,0,0
1740766210.0106492,0,0,0,0,0,0,0,0,0,0,0,0,0,0,0,0,0
1740766210.111109,0,0,0,0,0,0,0,0,0,0,0,0,0,0,0,0,0
1740766210.211607,0,0,0,0,0,0,0,0,0,0,0,0,0,0,0,0,0
1740766210.31207,0,0,0,0,0,0,0,0,0,0,0,0,0,0,0,0,0
1740766210.4125304,0,0,0,0,0,0,0,0,0,0,0,0,0,0,0,0,0
1740766210.513029,0,0,0,0,0,0,0,0,0,0,0,0,0,0,0,0,0
1740766210.6135166,0,0,0,0,0,0,0,0,0,0,0,0,0,0,0,0,0
1740766210.7139888,0,0,0,0,0,0,0,0,0,0,0,0,0,0,0,0,0
1740766210.8144698,0,0,0,0,0,0,0,0,0,0,0,0,0,0,0,0,0
1740766210.914977,0,0,0,0,0,0,0,0,0,0,0,0,0,0,0,0,0
1740766211.0154798,0,0,0,0,0,0,0,0,0,0,0,0,0,0,0,0,0
1740766211.1159794,0,0,0,0,0,0,0,0,0,0,0,0,0,0,0,0,0
1740766211.2163248,0,0,0,0,0,0,0,0,0,0,0,0,0,0,0,0,0
1740766211.3165555,0,0,0,0,0,0,0,0,0,0,0,0,0,0,0,0,0
1740766211.4167843,0,0,0,0,0,0,0,0,0,0,0,0,0,0,0,0,0
1740766211.5193837,0,0,0,0,0,0,0,0,0,0,0,0,0,0,0,0,0
1740766211.6195004,0,0,0,0,0,0,0,0,0,0,0,0,0,0,0,0,0
1740766211.7196014,0,0,0,0,0,0,0,0,0,0,0.0,0.0,0.0,0.0,0.0,0.0,0
1740766211.8197434,0,0,0,0,0,0,0,0,0,0,0.0,0.0,0.0,0.0,0.0,0.0,0
1740766211.9222093,0,0,0,0,0,0,0,0,0,0,0.0,0.0,0.0,0.0,0.0,0.0,0
1740766212.022606,0,0,0,0,0,0,0,0,0,0,0.0,0.0,0.0,0.0,0.0,0.0,0
1740766212.1227915,0,0,0,0,0,0,0,0,0,0,0.0,0.0,0.0,0.0,0.0,0.0,0
1740766212.2228904,51.83708188213281,-150.87953385427033,-51.91117463389894,151.10671928808281,-0.03704637588306525,0.11359271690625405,1.9017161320610294,0,0,0,0.0,0.0,0.0,0.0,0.0,0.0,0
1740766212.3229973,51.85560508981659,-150.60975113080931,-51.91117463389894,151.30550655401893,-0.0277847720411728,0.3478777116048093,1.9018432600208064,0.0,0.0,0.0,0.0,0.0,0.6618396105322659,0.0,0.0,1.8903341833584983,0
1740766212.4230983,51.81855875341803,-150.56715385629437,-51.9482209702975,151.23451111162765,-0.0648311084397335,0.333678627666643,1.9019589495370164,0.0,0.0,0.0,0.0,0.0,0.6618396105322659,0.0,0.0,1.9017586068811272,0
1740766212.5231986,51.762989209335686,-150.538755688418,-51.966744099012274,151.67468290288124,-0.1018774448382942,0.5679636072316327,1.9014302850826756,0.0,0.0,0.0,0.0,0.0,0.6618396105322659,0.0,0.0,1.901453951354194,0
1740766212.6233003,51.74446608062091,-150.3967647885018,-51.9482209702975,151.57528927747998,-0.1018774448382942,0.589262244489106,1.9015659782265184,0.0,0.0,0.0,0.0,0.0,0.6618396105322659,0.0,0.0,1.9015579348939309,0
1740766212.7233675,51.67037340782379,-150.3967647885018,-51.89265142621515,151.57528927747998,-0.11113900919568209,0.589262244489106,1.9011818326527343,0.0,0.0,0.0,0.0,0.0,0.6618396105322659,0.0,0.0,1.9012088355815944,0
1740766212.8234668,51.725942872937125,-150.3825656818632,-51.92969776261371,151.81667380279745,-0.1018774448382942,0.7170540604671203,1.9012253599379174,0.0,0.0,0.0,0.0,0.0,0.6618396105322659,0.0,0.0,1.9012245307434266,0
1740766212.923566,51.725942872937125,-150.28317205646195,-51.966744099012274,151.83087289430242,-0.12040061303757454,0.7738504189202331,1.9014216055403204,0.0,0.0,0.0,0.0,0.0,0.6618396105322659,0.0,0.0,1.9013968156959804,0
1740766213.0236597,51.55923439862811,-150.41096388000676,-51.91117463389894,151.9160674433323,-0.1759701176354156,0.7525517816627598,1.9005472882067116,0.0,0.0,0.0,0.0,0.0,0.6618396105322659,0.0,0.0,1.900608518895081,0
1740766213.1237645,51.651850200140004,-150.254773873452,-51.9482209702975,151.98706290085718,-0.14818538507874734,0.8661445137026078,1.901017588255414,0.0,0.0,0.0,0.0,0.0,0.6618396105322659,0.0,0.0,1.900988217807575,0
1740766213.2238562,51.522188062229546,-150.26897296495696,-52.003790435410835,152.1432528922784,-0.24080118659064453,0.9371399636607123,1.9006254661539486,0.0,0.0,0.0,0.0,0.0,0.6618396105322659,0.0,0.0,1.9006515105535844,0
1740766213.3239484,51.522188062229546,-150.26897296495696,-52.02231356412561,152.25684560918464,-0.25006275094803243,0.9939363221138251,1.9005652141805858,0.0,0.0,0.0,0.0,0.0,0.6618396105322659,0.0,0.0,1.9005695445445445,0
1740766213.4240415,51.448095389432424,-150.12698206504075,-52.003790435410835,152.1858501516597,-0.27784752298920523,1.0294340433094646,1.9005068296728882,0.0,0.0,0.0,0.0,0.0,0.6618396105322659,0.0,0.0,1.900511325420667,0
1740766213.5241272,51.42957226071765,-150.1127829584022,-52.05935990052417,152.4130356006058,-0.3148938199032614,1.1501263211017942,1.9004007815319408,0.0,0.0,0.0,0.0,0.0,0.6618396105322659,0.0,0.0,1.9004147244562426,0
1740766213.6242194,51.39252592431909,-149.97079205848598,-52.05935990052417,152.54082740901706,-0.3334169881025417,1.2850176752655216,1.900305519627419,0.0,0.0,0.0,0.0,0.0,0.6618396105322659,0.0,0.0,1.9003133908868806,0
1740766213.724308,51.42957226071765,-149.78620389918842,-52.09640623692273,152.4414337836158,-0.3334169881025417,1.3276149422136712,1.9008126049531482,0.0,0.0,0.0,0.0,0.0,0.6618396105322659,0.0,0.0,1.9007767622722203,0
1740766213.8243642,52.67062441161592,-150.55295477992297,-52.17049890971985,152.9951983069092,0.25006275094803243,1.2211217634931018,1.903354311408483,0.0,0.0,0.0,0.0,0.0,0.6618396105322659,0.0,0.0,1.9007767622722203,0
1740766213.924457,52.67062441161592,-150.55295477992297,-52.17049890971985,152.9951983069092,0.25006275094803243,1.2211217634931018,1.903354311408483,0.0,0.0,0.0,0.0,0.0,0.6618396105322659,0.0,0.0,1.90325490038268,0
1740766214.0245433,55.13420558469768,-151.68888199438624,-52.09640623692273,151.98706290085718,1.518899673887475,0.14909045323548753,1.9102378820424113,0.0,0.0,0.0,0.0,0.0,0.6618396105322659,0.0,0.0,1.9097377197609766,0
1740766214.12463,55.13420558469768,-151.68888199438624,-52.09640623692273,151.98706290085718,1.518899673887475,0.14909045323548753,1.9102378820424113,0.0,0.0,0.0,0.0,0.0,0.6618396105322659,0.0,0.0,1.9097377197609766,0
1740766214.2247143,54.800788557110636,-152.68281832406686,-52.18902211740364,152.08645652625844,1.3058832198534986,-0.2981808989042065,1.9084078781173464,0.0,0.0,0.0,0.0,0.0,0.6618396105322659,0.0,0.0,1.9084591671660938,0
1740766214.3248062,55.93070169881322,-153.6057591962226,-51.170247905927724,153.5347637386977,2.3802268964427498,-0.03549772876243651,1.906315593749597,0.0,0.0,0.0,0.0,0.0,0.6618396105322659,0.0,0.0,1.906469129102112,0
1740766214.424892,54.282139926499795,-152.08645652625847,-50.74421507682878,152.3562392345859,1.7689624248355074,0.1348913541636989,1.9029911646899516,0.0,0.0,0.0,0.0,0.0,0.6618396105322659,0.0,0.0,1.9032408682364352,0
1740766214.5249777,54.43032527209404,-152.08645652625847,-51.65185027910901,151.80247472642603,1.3892374964925125,-0.14199089991623737,1.9066531524792587,0.0,0.0,0.0,0.0,0.0,0.6618396105322659,0.0,0.0,1.9064081615087358,0
1740766214.6250648,54.33770939161313,-152.39883650910085,-52.15197578100508,152.2142483346697,1.092866805304027,-0.09229408721557775,1.9071058341349976,0.0,0.0,0.0,0.0,0.0,0.6618396105322659,0.0,0.0,1.9064081615087358,0
1740766214.7251549,54.245093590101234,-152.37043834122449,-52.26311479020076,151.7740765282825,0.9909893999502373,-0.2981809064710035,1.9076399346896011,0.0,0.0,0.0,0.0,0.0,0.6618396105322659,0.0,0.0,1.907055743494123,0
1740766214.825245,54.22657038241745,-152.24264653281327,-52.05935990052417,151.61788655199493,1.083605240946639,-0.31237999040916975,1.9072798127520707,0.0,0.0,0.0,0.0,0.0,0.6618396105322659,0.0,0.0,1.9073214246562578,0
1740766214.9253347,54.208047253702674,-152.24264653281327,-52.2260684538022,151.98706290085718,0.9909893999502373,-0.12779181597804268,1.9073356115372124,0.0,0.0,0.0,0.0,0.0,0.6618396105322659,0.0,0.0,1.9073345890011584,0
1740766215.0254374,54.15247770962033,-152.17165106015477,-52.318684255314096,152.08645652625844,0.9168967271531159,-0.042597266948178,1.9074149986030167,0.0,0.0,0.0,0.0,0.0,0.6618396105322659,0.0,0.0,1.907409225337536,0
1740766215.1255312,54.041338700424646,-152.02966016023856,-52.35573059171266,151.98706290085718,0.8428040543559945,-0.02129862969070473,1.9074454065989195,0.029783840625,0.0,-0.000459840059055118,0.0,0.0,0.6618396105322659,0.0,0.0,1.907442808900959,0
1740766215.2256236,54.15247770962033,-152.15745198378337,-52.18902211740364,151.95866471784726,0.9817277961083448,-0.09939363296805936,1.9071806959512223,0.848839371216667,-0.00037663457010351505,-0.001379520177165354,-0.1259584870231533,0.36612907251047483,0.6618396105322659,0.04225244378651233,-0.0002853568072637754,1.9071664997834787,0
1740766215.3257182,54.39327893569548,-152.0012619923622,-51.98526722772705,152.2710447006896,1.2040058539842136,0.1348913541636989,1.9071292441781058,2.1518795861651663,-0.0029788349951161168,-0.0034488004429133836,-0.7019910088285536,2.034159101529712,0.6618396105322659,0.14116664899811093,-0.0008011906764096854,1.9069811272232362,0
1740766215.4258106,56.319688270482615,-151.57528927747998,-50.207043238534155,152.79641104097308,3.05632251597423,0.6105608817465509,1.9074613011858181,3.611279097534444,-0.008012032631657421,-0.003908640501968504,-1.1809290943729405,3.4127419162631663,0.6618396105322659,0.8863715554004448,-0.005165219237360685,1.9069410605175727,0
1740766215.525907,57.523694084982324,-151.29130747764756,-49.003037424034446,152.7254155834482,4.260328330473939,0.7170540529003233,1.907825315681766,5.204702399155662,-0.014240183201982481,-0.00482832062007874,-1.7045433799471923,4.917688655503978,0.6618396105322659,0.9884299658974101,-0.006167196620602326,1.906841901837459,0
1740766215.6260078,58.70917677076726,-150.9647284033002,-47.74346206545239,153.10879102381548,5.482857352657433,1.0720313102576426,1.9075499757117151,6.894913661036987,-0.022794887421016343,-0.005977920767716534,-2.2618056623249516,6.513416088806379,0.6618396105322659,1.055159858762889,-0.006375312716113303,1.9067763614932831,0
1740766215.726102,60.394784879479246,-150.69494567983918,-46.206039302334645,153.59156010471762,7.094372788572301,1.4483072124392038,1.907765490730543,8.614897280012066,-0.03347069705438851,-0.0071275209153543306,-2.8307473950049107,8.136611371965206,0.6618396105322659,1.0656729567911558,-0.006584544856034203,1.9069716993162973,0
1740766215.8261979,61.89516138516744,-150.41096388000676,-44.74270913304501,153.9465373469413,8.576226126061215,1.7677867334672612,1.9078011181883554,10.357204777409578,-0.04628642884032764,-0.008047201033464568,-3.408966265760648,9.78022403800631,0.6618396105322659,0.21937606269645027,-0.0015560683304559775,1.9077133481585835,0
1740766215.926294,63.599292701563215,-150.01338933300093,-43.131193618161134,154.2589173449173,10.23404954170104,2.122764005958203,1.9081595527560598,12.062271184608957,-0.06040150425426381,-0.009196801181102363,-3.9763138660148765,11.38819399692952,0.6618396105322659,0.20930460452708433,-0.0015747209166193637,1.90804515667346,0
1740766216.026363,65.04409974213807,-149.48802299271745,-41.853095130864304,154.79848277670575,11.595502305636884,2.6552298919941677,1.9086327413426907,13.722640710652973,-0.07663076975429638,-0.012185761564960628,-4.531138347925292,12.953205225754138,0.6618396105322659,1.0213137469177758,-0.0070882015220304325,1.9065742696143835,0
1740766216.1264575,66.69266159342051,-149.23243937589498,-40.27862595237899,155.0682654850332,13.207017820520761,2.9179130545691123,1.9088348720013797,15.397842414867979,-0.09820619390294619,-0.014714881889763779,-5.095838095179864,14.530506859615803,0.6618396105322659,0.21186373077822518,-0.0014384141114005405,1.9085938659586066,0
1740766216.2265534,68.32270023701916,-148.96265665243396,-38.648587229811326,155.4232427575241,14.837056503603918,3.230293052545079,1.9087473002130086,17.065542131729256,-0.12371534022034687,-0.01701408218503937,-5.661820642416631,16.099435417067802,0.6618396105322659,1.0282004903317297,-0.007338535577277787,1.907433789824472,0
1740766216.3266635,69.7860304063088,-148.4940866781704,-37.14821080309214,155.76402092337642,16.318909801608328,3.634967122603001,1.9087703052888785,18.755516928775567,-0.15324540990510688,-0.018623522391732282,-6.2388434179443735,17.68812404489566,0.6618396105322659,1.0478034504277391,-0.0075121916851291146,1.9079179272368125,0
1740766216.4267647,71.2678837043132,-148.23850306134796,-35.72192689123206,156.04800272320884,17.772978406540574,3.904749830930456,1.908903648523439,20.445442010192433,-0.18549535355647145,-0.020692802657480313,-6.818422344391558,19.27588193188147,0.6618396105322659,0.21392171290108042,-0.0017466314778355665,1.9087503459726927,0
1740766216.5268672,72.89792242688087,-147.88352578885704,-33.980749238437724,156.47397543809106,19.458586594221572,4.295224824617009,1.9085056174475863,22.05339700100325,-0.22007971512920504,-0.023451843011811017,-7.373575878864384,20.785358623884743,0.6618396105322659,0.9934158020003472,-0.006981228981213091,1.907184351548251,0
1740766216.626968,74.41682206128384,-147.67053943141593,-32.610034949629,156.97094359536456,20.90339355582742,4.650202081974328,1.908647225478861,23.743136658247906,-0.2608960783495818,-0.02552112327755905,-7.961196197515214,22.370157805447036,0.6618396105322659,1.057232533583677,-0.007381811468669857,1.9077525965070763,0
1740766216.7270684,75.99129123976915,-147.42915489096487,-31.183751116737923,157.3259208527219,22.403770061515615,4.9483829808785345,1.9089634502925528,25.775209041265505,-0.31326474510182023,-0.025751043307086607,-8.670970412108083,24.274962575332733,0.6618396105322659,1.299035779157941,-0.009521239132749885,1.9090734174945792,0
1740766216.827165,77.52871408185591,-146.81859401678508,-29.47961980034215,157.97907900141664,24.02454714075688,5.580242492315762,1.9084328632219636,28.067824914515864,-0.3715084409602563,-0.023911683070866142,-9.470954883781713,26.42426588465597,0.6618396105322659,1.4334423328779446,-0.010436799936077913,1.9096779756533302,0
1740766216.927259,79.89967937445677,-146.57720947633402,-27.20127023028418,158.64643625674987,26.349204572086293,6.034613390207909,1.9082667878427766,30.62113505233761,-0.42922101991792755,-0.019083362450787403,-10.355140027664115,28.82029176786569,0.6618396105322659,1.6158457164277424,-0.011867330117663298,1.9108488895340408,0
1740766217.0273561,82.10393627171761,-146.2364313104817,-25.071106084789463,159.0866080631371,28.516415093464076,6.425088376327722,1.9083811440604936,33.49480656858647,-0.48106193121455887,-0.015404641978346458,-11.337861675418875,31.521205247860603,0.6618396105322659,0.3507694324160644,-0.004169977504606674,1.9086895745735195,0
1740766217.1287634,84.62308690991271,-145.48387952125213,-22.533432238910578,159.6119744034206,31.04482733550107,7.064047441084227,1.9085597901859295,38.27461782307802,-0.5497696773529516,-0.013105441683070871,-12.382538090957249,34.421419098775104,0.6618396105322659,0.37340477960670837,-0.0037987695063411812,1.9087009493294436,0
1740766217.228915,87.66088625768766,-144.97271227247361,-19.92166579920358,160.40712346716506,33.86961022924204,7.717205597345725,1.9095106207841384,41.83349705900809,-0.5951648949034237,-0.01218576156496063,-12.955864735549913,36.01935847783733,0.6618396105322659,0.37467268246790764,-0.003457442286344252,1.9094664964754677,0
1740766217.329111,90.40231491427413,-144.67453138113623,-17.12466759853477,161.3442634156922,36.63882365786968,8.334866017277989,1.9086944843518636,45.55620072271358,-0.6405311196675928,-0.013105441683070864,-14.15512334884442,39.37039726008823,0.6618396105322659,0.43266649655920375,-0.004539893422695836,1.9088164180493659,0
1740766217.4293308,94.10694823825416,-143.63799779207423,-13.382987938156177,162.72157518574014,40.36198015004899,9.541788696832953,1.9082388791186533,49.241560987611514,-0.6939068833861647,-0.018853442421259844,-15.407583239490402,42.876381413566214,0.6618396105322659,0.45352738588882424,-0.004306274429645641,1.9082143139907035,0
1740766217.5294855,97.29293293162335,-143.02743690276088,-10.474850728291685,163.2327424345186,43.409041101665835,10.102652765878872,1.909147761652531,52.978645104098156,-0.7704130451123735,-0.025291203248031496,-16.65548474444071,46.3444458720479,0.6618396105322659,0.45170353575690836,-0.0032223484316714138,1.908668055190409,0
1740766217.6296122,100.84938091000915,-142.58726509637367,-6.751694275596876,164.2692760235806,47.048843317206135,10.841005463603466,1.9080554012951823,56.782184912575396,-0.8714897944131614,-0.029659683809055114,-18.599006473642863,51.61948284880066,0.6618396105322659,0.47448144763082034,-0.0024476592667937273,1.907636185013466,0
1740766217.7297237,104.49844476887584,-141.66432423935154,-3.5101401171143465,165.20641598724134,50.49415232588075,11.7710458739449,1.909223020810388,60.72678090437773,-0.9894307548266997,-0.030579363927165357,-19.967023173805664,55.25756797376861,0.6618396105322659,0.4743242388930935,-0.0030202044506489507,1.908944448317638,0
1740766217.8298624,107.99932320317929,-140.98276789251327,-0.12040061303757454,165.73178232752483,53.939461295070856,12.374507217505766,1.9097048293742518,64.67130863456109,-1.109635629720005,-0.03011952386811024,-21.364540652252835,58.95615105480554,0.6618396105322659,2.417234961293623,-0.019287728141887717,1.90978084265377,0
1740766217.9300008,111.42610904365462,-140.47160062860118,3.4730937017467767,166.6121259402992,57.4496013727007,13.070262655849007,1.9088447492158098,68.60093717236818,-1.2298386403902724,-0.031039203986220475,-22.75637323834684,62.64096269985775,0.6618396105322659,2.4485726463454363,-0.019127171827914062,1.908009112950312,0
1740766218.030225,115.13074236763465,-139.09428887368688,6.899879542222109,167.49246953793997,61.01531095492838,14.19909033212656,1.9101578872882203,72.51563950434188,-1.3509398807343125,-0.03103920398622047,-24.151169824163826,66.32465344372616,0.6618396105322659,2.4548745641336502,-0.020731550968197496,1.9102335291469508,0
1740766218.1304486,118.37229660508619,-138.45532980136355,10.25257270990032,168.21662314415957,64.31243465749326,14.880646671398011,1.909748381171536,76.34842065418748,-1.4712600073852415,-0.03402816437007874,-25.52181851969556,69.94583087647622,0.6618396105322659,2.4084059015665837,-0.020707829480011333,1.9090769456269183,0
1740766218.23056,121.70646656508062,-137.98675982709997,13.864590232368457,169.2389576417166,67.78552839872454,15.626098907308318,1.9083781085072347,80.15842182367871,-1.6044929787969506,-0.03770688484251968,-26.873031546177085,73.49473950030946,0.6618396105322659,0.48482714648859115,-0.004493609651798826,1.9082055027096445,0
1740766218.3306704,125.70747058024914,-137.24840714450897,17.143190727249547,170.28969032228358,71.42533065374934,16.520641588887287,1.9101508802973244,83.91585989762274,-1.748821517748917,-0.04115568528543307,-28.24344965889006,77.05224060818617,0.6618396105322659,0.46735006331419804,-0.0035612086303293267,1.90978067781067,0
1740766218.4307792,129.09721008432592,-136.33966534872462,20.68111557692056,170.88605212009193,74.88916283062323,17.27319338568364,1.9100411492796656,87.77694661812228,-1.9100786883126628,-0.041385605314960626,-29.609575584696465,80.5634961217743,0.6618396105322659,2.3213056009923667,-0.019363511760001072,1.9085976970479925,0
1740766218.5309207,132.67218127039547,-135.81429900844114,24.219040426591576,171.78059480923773,78.44561084849353,17.98314790039828,1.9097715906025141,91.74243038279178,-2.069677238549159,-0.035637604576771655,-31.041384897634533,84.22496458405905,0.6618396105322659,2.4371920774837377,-0.020423048547148055,1.9120524677161304,0
1740766218.6311457,136.35829138669175,-134.8345617702655,27.553210386586002,172.73193386440343,81.95575088663887,18.948686047068975,1.9108179102072749,96.11801856030576,-2.2215400099738627,-0.03195888410433071,-32.52893553866282,88.08044948100759,0.6618396105322659,2.6140263385175846,-0.025816128320033487,1.9129935272040306,0
1740766218.7312548,139.6739382179714,-134.2381999875907,30.887380425549438,173.59807838567284,85.28065932176041,19.67993919904106,1.9104888457117968,100.77691091000689,-2.367236160349468,-0.02874000369094489,-34.150359557566986,92.33915302600786,0.6618396105322659,2.838791977247693,-0.028082466736893838,1.9121802540850696,0
1740766218.831499,143.9713129243284,-133.5140463813711,35.055092915026975,174.71980650863108,89.51320291967768,20.602880063629982,1.9104575902249095,105.42878890807094,-2.498313315959072,-0.028050243602362218,-35.80803868613959,96.73540732523998,0.6618396105322659,0.5888209425637374,-0.008270976340917141,1.91069402018256,0
1740766218.9316058,148.52801190650632,-132.10833642831324,39.44508342289588,175.3729646573258,93.98654766470109,21.6323141145063,1.9117078613349918,110.07303581718263,-2.635543980659122,-0.034947844488188995,-37.436713865547276,101.07893000501053,0.6618396105322659,0.5685375525285226,-0.006754176102320791,1.9113879545806618,0
1740766219.03172,152.4364000411939,-131.44097918811354,43.612795912373414,176.9916609678248,98.02459797678367,22.77534088985564,1.9099881032495432,114.58216413011483,-2.8031194096574272,-0.043224965551181126,-39.058540250356835,105.33747308703259,0.6618396105322659,2.7629303373672918,-0.024267374984524713,1.9053031885744185,0
1740766219.1318657,157.14128436896607,-130.6032328498541,47.63232305625671,177.81520819944566,102.3868037126114,23.605987674795784,1.911977308523119,119.29809857815272,-3.015866052939521,-0.048283206200787424,-40.73477108826877,109.63089885761332,0.6618396105322659,0.5791844972687352,-0.0032376725367237597,1.9112597089274481,0
1740766219.2320986,161.40161273892454,-129.73708835885185,52.57800853113501,178.9369363375375,106.98981063502977,24.599923989342813,1.9097427144594563,124.11743060516571,-3.249300315941361,-0.048283206200787424,-42.49853528437109,114.06590979272806,0.6618396105322659,2.9229817833995635,-0.024917068873071362,1.9095300874838126,0
1740766219.3323224,165.81012637550822,-128.88514292908744,56.004794371610345,180.39944264148173,110.90746037355927,25.757149856197145,1.9119452418582923,128.90698745210628,-3.481832293035912,-0.04874304625984254,-44.29343729763303,118.56866875063493,0.6618396105322659,3.001597187297528,-0.030473943230101427,1.911327898450829,0
1740766219.432415,170.3297791002566,-127.79181297400552,60.30216907796735,181.46437441355366,115.31597408911196,26.836280719774066,1.9126123314910997,133.66689893868158,-3.710758466465895,-0.046443845964566945,-46.06505399451437,123.00856782059276,0.6618396105322659,2.9850769631995737,-0.03332383953112224,1.91389963167503,0
1740766219.5324996,174.4789683820503,-126.98246481875604,64.87739126782905,182.6854961921804,119.67817982493969,27.85151568671219,1.9109702439417662,138.36752034265024,-3.932438785573474,-0.05012256643700789,-47.81750736555578,127.42403689992489,0.6618396105322659,0.6043162064964704,-0.009470826566426921,1.911094166195276,0
1740766219.6326075,178.64668087152785,-125.76134305526291,68.45236237492962,184.2189979536495,123.54952162322874,29.22882744919329,1.91235191988981,142.9779170834892,-4.1695814392098605,-0.055180807086614186,-49.532136386816546,131.71831819160877,0.6618396105322659,2.827351595598814,-0.03028770519460057,1.9093753738304062,0
1740766219.7327085,183.16633359627622,-124.95199491514701,73.19429303910034,185.14193881067163,128.18031331768827,30.094971947762303,1.911599720543954,147.57968446867474,-4.42852154989518,-0.05862960752952757,-51.27079103510497,136.010962279927,0.6618396105322659,0.5859483259722369,-0.006124527798044142,1.9112564240322665,0
1740766219.8329332,187.6674630343718,-123.92966040245642,77.1582507178703,185.90868969140618,132.41285687612105,30.989514644474895,1.9133984556493566,152.37430114980663,-4.706061140955786,-0.0533414468503937,-52.13881493270604,138.13369990123522,0.6618396105322659,0.5180462831494319,-0.006135157424526878,1.912955475525956,0
1740766219.933158,191.85369873153314,-123.07771498782557,81.40005588014496,187.62677961217284,136.62687730583906,32.27453231217362,1.9123573385909511,157.2743875905384,-4.964302772246229,-0.05081232652559054,-53.959129910122435,142.57800307795344,0.6618396105322659,0.5851157430613378,-0.008995338625411763,1.9127816004488072,0
1740766220.0333915,196.15107343789015,-122.08377865814495,85.69743058650197,188.77690594840826,140.92425201219606,33.34656364513165,1.9121987539960492,162.12302655899543,-5.208117239353541,-0.04759344611220471,-55.79546246301067,147.12832379434016,0.6618396105322659,0.5993466223186825,-0.009269091644041882,1.912422187640447,0
1740766220.1335516,200.65220287598572,-121.2318332435141,89.9577588774914,189.5720549970192,145.30498087673857,34.170110876752545,1.9129441278451205,166.8088208604151,-5.4280698586625515,-0.04667376599409447,-58.470932489880084,153.82104785360968,0.6618396105322659,0.6098849190153315,-0.009813577363992743,1.9131486852070363,0
1740766220.2336638,204.94957758234273,-120.26629509684344,94.32922625664553,191.27594584141443,149.6394019194941,35.504825372285495,1.9119836772710275,171.4274235900105,-5.650107897064957,-0.05288160679133856,-60.19392557539894,158.1680995725062,0.6618396105322659,0.5748649438944886,-0.008600298208526307,1.9118364443677844,0
1740766220.3338892,209.17285953693357,-119.05937242485527,98.81183256602633,192.2556830795901,153.99234605147996,36.59815532736741,1.911473959233483,175.984893619886,-5.9008744512846585,-0.061388647883858255,-61.89015479260692,162.38953632219952,0.6618396105322659,2.7809947117981793,-0.028213867819400332,1.9069461210927454,0
1740766220.434109,214.1000218830971,-117.96604245463979,103.55376323019705,193.334813943167,158.82689255664707,37.68438574426361,1.9120168150605992,180.65167152070308,-6.1953101214382915,-0.06598704847440943,-63.648695831837486,166.66601433084463,0.6618396105322659,2.881970382807298,-0.028007639899344496,1.9081175783605946,0
1740766220.5343344,218.08250276955084,-116.91530978920642,107.48067457256845,194.61273205754648,162.78158867105964,38.84871113417003,1.9119452467777973,185.46604218742218,-6.515130952235591,-0.06598704847440943,-65.48497743470767,171.0553563922262,0.6618396105322659,2.976247239686957,-0.029689869245913963,1.9108816198214094,0
1740766220.6344993,222.34283106054028,-115.92137345952577,111.94475775323447,195.94744655307946,167.14379440688737,40.013036546776846,1.9110202251265462,190.2210138594973,-6.830438031573622,-0.06644688853346456,-67.35457633041584,175.5114711723285,0.6618396105322659,3.001247012111864,-0.02975097418392543,1.9105999562046785,0
1740766220.7346091,226.8995300427182,-114.50146441496292,116.09394703502822,197.31055921648877,171.49673853887322,41.40454740076294,1.9122383760302781,194.98345021463706,-7.145706529595556,-0.06529728838582675,-69.19010694735393,179.8849827103294,0.6618396105322659,0.6050123928414566,-0.007290038548745381,1.9121907721531795,0
1740766220.8348372,230.5671170302997,-113.23774539208844,120.24313639579098,198.30449554616942,175.40512671304532,42.53337507704049,1.9111386312173035,199.6493018047108,-7.454542661730483,-0.06943584891732281,-71.02161924616247,184.26017840067644,0.6618396105322659,2.897766754850632,-0.029752843893454912,1.9097193816087996,0
1740766220.9350536,235.47575624774845,-112.18701269638788,124.68869636877322,199.96578911604976,180.08222630826083,43.88938820983094,1.911841183027434,204.2244764370549,-7.779584319661681,-0.07495392962598421,-72.81548292852457,188.5138882914911,0.6618396105322659,2.8740437659624516,-0.029311245937555845,1.9085170020138726,0
1740766221.035194,239.68051507362452,-111.70424363061935,128.85640893721978,201.13011452865655,184.26846200542212,44.7129354490186,1.9112595081021129,208.7979087440263,-8.128312169352606,-0.07909249015748027,-74.61816160837215,192.72339996485428,0.6618396105322659,2.8563982627201496,-0.027254484172650507,1.9085818144665758,0
1740766221.1353335,243.88527389950065,-110.46892277562122,132.96855188261497,202.29443992612974,188.42691289105778,45.91275857525426,1.9115940185819766,213.60798359434983,-8.507295099966635,-0.07633344980314956,-76.47826643757723,197.01356971818225,0.6618396105322659,2.9445731440677925,-0.028682731531012584,1.9121653720155103,0
1740766221.2355578,248.27526440736955,-109.04901373105838,137.3955887268824,203.64335351316774,192.83542656712598,47.297169891054665,1.911560301504703,217.26832970828033,-8.784890207403363,-0.07518384965551177,-78.32567767940982,201.2848939525741,0.6618396105322659,2.7991774436056955,-0.029691643267116617,1.913345243942941,0
1740766221.33573,252.68377804395323,-108.39585559749726,141.39659274205093,204.93547073418577,197.04018539300205,48.26980756834425,1.9120731706153922,218.62709107631244,-8.887240038462773,-0.07587360974409445,-79.24277764881334,203.41935051935354,0.6618396105322659,0.40017023952532416,-0.005710366282442453,1.9121139285933748,0
1740766221.4359553,256.4439809120156,-107.2741274594054,144.95304072043672,205.98620341475274,200.69851081622613,49.35603797767368,1.9127220717029352,218.7681588572723,-8.897943343626729,-0.07656336983267713,-79.53118101062307,204.08964262942655,0.6618396105322659,0.3925571556259596,-0.004889764228451219,1.912328889710147,0
1740766221.5360963,254.68428005153748,-107.82789196756525,143.17481673124382,205.57442979137548,198.92954839139065,48.873268911905114,1.9126314086192884,218.4637664811333,-8.874623298447972,-0.07817281003937004,-79.42793959012819,203.8503560834134,0.6618396105322659,-0.1379007988034937,0.001305843446311719,1.9128063807336548,0
1740766221.6363182,254.12858508452808,-108.26806377395243,142.21161206385028,205.44663798296423,198.17009857418918,48.5892871045059,1.913469695746195,217.98133545547887,-8.835847617680983,-0.10967185408464564,-79.30376893630068,203.56333374134303,0.6618396105322659,-0.20836773631582484,0.0024564372494202086,1.9100711277297289,0
1740766221.7364924,254.11006187684427,-108.19706831642755,142.32275107304594,205.7448188894352,198.21640647494513,48.773875286503824,1.9128741697122855,217.82621195235166,-8.816452346346955,-0.21382562746062989,-79.13697569689752,203.18934498312055,0.6618396105322659,-0.16029171645472484,0.001626477629987232,1.8664978500564233,0
1740766221.836656,254.88803494121407,-109.14840737159324,141.8781950362632,206.4121761296349,198.3831149887386,48.63188437902082,1.914690210894753,217.60955471439362,-8.762602113190024,-0.35499652559055117,-79.04709378454382,203.03496795086522,0.6618396105322659,-0.14975621103488007,0.0006299037674255124,1.8381756047049578,0
1740766221.9367642,256.240226101308,-113.28034266660339,139.95178570147607,210.41631960110024,198.09600590139206,48.567988467248426,1.9156889309869418,217.70542251774657,-8.803377650098426,-0.5012256643700788,-79.014945678034,202.98463205331646,0.6618396105322659,-0.016365058313599024,-4.7676798532991706e-05,1.9044845779189408,0
1740766222.0369246,258.0184500905009,-116.29054980838806,137.91423743646226,212.84436405171513,197.96634376348158,48.27690712166353,1.9206906644766506,217.84512859043036,-8.88871391457701,-0.6497540034448819,-79.10511990428876,203.07334644995413,0.6618396105322659,0.011971115352206282,0.0005448118870518036,1.908996966131691,0
1740766222.1371493,260.40793859078553,-118.87478425042413,135.82111954839712,215.55639030216238,198.1145290695913,48.34080302586912,1.9274028426342036,217.9437724692465,-8.967905382635136,-0.8008114628444881,-79.25522855365847,203.18321676340628,0.6618396105322659,0.021598986475146992,0.000734787000370293,1.9153020492505266,0
1740766222.2372851,263.4272147308767,-121.9701859261051,132.70922760679406,218.87897742678948,198.06822116883535,48.45439575034217,1.9370041151914783,217.94809712037502,-8.974021352867744,-0.9560074827755904,-79.28738129895385,203.20203563747938,0.6618396105322659,0.00642093329067743,-4.6179298538257896e-05,1.9244684797257268,0
1740766222.337404,265.90931903267324,-123.91546131095143,129.41210390422918,220.93784552854206,197.6607114684512,48.51119210879531,1.9476874995306266,217.9814845656195,-9.023312033261474,-1.1095940624999998,-79.3441980762246,203.2198161463077,0.6618396105322659,0.04850635322507596,-0.00156980379055538,1.8572437774724448,0
1740766222.437509,269.91032304784176,-125.36376853852424,126.35578142773944,222.75532910497716,198.1330522377906,48.69578028322647,1.9619224478107258,217.99267923054367,-9.050911972384794,-1.2604216018700785,-79.38851442662244,203.22448421087583,0.6618396105322659,0.03674309463498762,0.0007264901414348827,1.7980810697715295,0
1740766222.5379863,273.5038174415951,-126.54229302750244,122.1880689382619,223.9054554109454,197.8459431899285,48.68158119172148,1.9783942549772204,218.05931910862623,-9.294970047199735,-1.4075704207677162,-79.64098302602565,203.20821081084375,0.6618396105322659,0.1595869994662461,-0.008340767685866217,1.8929530808699124,0
1740766222.6380959,277.2269738942899,-127.25224754221706,118.1685417154096,224.74320173407122,197.69775780484974,48.74547709592707,1.9952095624875008,218.09447769158055,-9.568055080698864,-1.5167824347933068,-79.77313021397315,203.18584044527512,0.6618396105322659,0.16230366423020873,-0.012622022110431801,1.9138306505686171,0
1740766222.7382243,281.1909315730599,-127.4510348081532,114.13049144281153,225.02718354903723,197.66071150793573,48.78807437044202,2.0133954589803453,218.10060174941358,-9.716835955504038,-1.552190119340551,-79.98229814046891,203.1323771091579,0.6618396105322659,0.10748317038244123,-0.009564936056186153,1.9775349648446274,0
1740766222.8384445,283.83974442813445,-126.99666391026102,111.14826156014992,224.84259537460613,197.4940029941422,48.92296573217257,2.0270769826375252,218.10245733912274,-9.821062847374309,-1.5531097994586611,-80.10297374455855,203.09416889115099,0.6618396105322659,0.07157337392400544,-0.008410990617966534,2.021217184677657,0
1740766222.9386666,282.74687754386144,-126.91146937636474,112.44488325513053,225.24016990647837,197.59588039949597,49.16435026505681,2.0212414316330527,218.10312946411352,-9.858286570507662,-1.5496609990157477,-80.18088287654102,203.06889662461973,0.6618396105322659,0.043029150184162854,-0.005585692136619469,2.0231285735673863,0
1740766223.0388854,282.56164594083765,-127.09605755079588,112.05589676243015,225.42475808090953,197.30877135163388,49.16435026505681,2.0212994108162388,218.10265738083652,-9.83595367904203,-1.5475917187499997,-80.16669615964423,203.07342506641803,0.6618396105322659,-0.01667545750755746,0.0017685984247831103,2.0236155716668565,0
1740766223.1390257,283.09881770016324,-127.11025664230087,111.61134072564742,225.38216080639458,197.3550792129053,49.135952082046856,2.0235855329506682,218.10593991738753,-9.977388835314741,-1.543223238188976,-80.16669615964423,203.07342506641803,0.6618396105322659,-0.0013027738338646875,0.00017935281546317618,2.0235870402976097,0
1740766223.2392504,283.1358640365618,-127.05346027628094,111.62986393333121,225.56674898082574,197.38286398494648,49.25664435227239,2.0234854371567272,218.16565713036343,-12.076299783295227,-1.5400043577755902,-81.04054744559302,202.79925588742475,0.6618396105322659,0.7936224943143466,-0.09822306457245565,2.025427244754216,0
1740766223.3394814,282.8394934243423,-127.12445571867225,111.48167858773697,225.75133715525683,197.16058600603964,49.3134407182923,2.0228607640796445,218.27469847598934,-15.57420167011615,-1.539544517716535,-83.84950542356407,201.92739797242461,0.6618396105322659,1.835796759412461,-0.23256806158925183,2.02386808030999,0
1740766223.4396777,282.6727848710643,-124.0858503938776,111.5372480528503,228.7331461291652,197.1050164619573,52.323647867643786,2.0224141314003523,218.4174222946062,-20.210838233096332,-1.5411539579232278,-87.76951754121812,200.7166753060505,0.6618396105322659,2.607148523036324,-0.3316064986070771,2.021582334364826,0
1740766223.53987,282.2097057055668,-118.66179789298303,110.48142758394484,234.68256498547683,196.34556664475582,58.01038354624691,2.0231880186091447,218.56263208776855,-25.108127677180548,-1.5402342778051177,-92.42744267432482,199.2710359666517,0.6618396105322659,2.9858085028886823,-0.38365687767842405,2.023023213103918,0
1740766223.6400948,281.9503814297459,-115.42440528711866,110.09244109124445,238.3033330165749,196.02141126049514,61.43946386472811,2.0230584334039894,218.7182125747943,-30.10194317814275,-1.5386248375984246,-97.11398698088354,197.81712926620696,0.6618396105322659,3.036865868815532,-0.3928908606776468,2.024271534909547,0
1740766223.740313,281.7466265400693,-110.36952915021996,109.35151444224225,243.2730146347109,195.54907049115576,66.45174274224547,2.0243811643508396,218.881990622801,-35.15509657735672,-1.538854757627952,-101.96685573370267,196.32139587276617,0.6618396105322659,0.6310001247125987,-0.10291554303470118,2.0244218128060694,0
1740766223.8404922,281.39468638376746,-106.05300568077868,108.6476340506696,247.23456083166124,195.02116021721855,70.59077757544128,2.0255811345175214,219.0354942406384,-40.08192985585081,-1.5439129982775583,-106.74907641410502,194.84924499160599,0.6618396105322659,3.0369422216046775,-0.39742237741653685,2.0237391001348257,0
1740766223.9406025,281.0797925638642,-101.9494685687785,107.98080007446451,251.8918624518213,194.53029631916434,74.97119694152141,2.0257662412189994,219.16136071993407,-44.99464751065147,-1.5485113988681096,-111.4121006390933,193.3949542739058,0.6618396105322659,3.03079348074653,-0.3996706415268353,2.0228424359976986,0
1740766224.0407379,280.8204682090743,-97.06498149967237,107.57329037408034,256.9751367868636,194.19687929157732,79.95507764359559,2.025882329607821,219.2691721538801,-50.07164504637504,-1.549890919045275,-116.13833669731179,191.8934745828651,0.6618396105322659,3.0730904618122734,-0.4049848071855924,2.023446219803191,0
1740766224.140866,280.41295858765915,-92.60646713031488,107.07316487218428,261.37685479020115,193.7430617299217,84.38519382994312,2.0261567306010466,219.38071248576478,-55.319861494952896,-1.5464421186023616,-121.10149600129644,190.3016879797107,0.6618396105322659,3.223376710029239,-0.42576316012880444,2.0267014073012826,0
1740766224.2410562,280.41295858765915,-88.68751820787944,106.48042356877632,265.72177642751876,193.44669107821773,88.51712910981968,2.02703062922126,219.5127201460814,-60.47077053272105,-1.541383877952755,-126.04716572068457,188.7285767003385,0.6618396105322659,3.184204528876469,-0.42611311534477103,2.0297342026607597,0
1740766224.3412797,280.00544888727495,-83.5332484153123,105.53574203009752,270.7766525946846,192.77059545868622,93.62170208968618,2.0283625351730707,219.6655616410154,-65.60620879553478,-1.5400043577755897,-130.99382778818259,187.18337780995813,0.6618396105322659,0.6502625840937828,-0.11096836372327956,2.028592889502964,0
1740766224.4414911,279.94987942216164,-79.54330402021836,105.46164943626941,275.7889314873356,192.7057644292155,98.12281373355862,2.0272636308602547,219.81686598924153,-70.59270660146014,-1.5436830782480306,-135.8088890244759,185.69139705752292,0.6618396105322659,3.0522029291518984,-0.40858935631884336,2.0265979211171326,0
1740766224.5415971,279.3941843761832,-74.72981240863714,104.49844476887584,280.5172285498869,191.9463145725295,102.89370807062491,2.028282251339309,219.9390266829513,-75.40123821588364,-1.5505806791338574,-140.4931077991995,184.23002921204426,0.6618396105322659,3.0077274265570066,-0.405670076389807,2.0245131897600386,0
1740766224.6418195,278.9125820819709,-70.28549713078463,103.83161071370175,284.98994201074936,191.37209639783634,107.3522224399824,2.0286701601745074,220.03347591908567,-80.329556244112,-1.5542593996062983,-145.07539047677477,182.76729718436744,0.6618396105322659,2.987775864002561,-0.4021878678181977,2.0260547991755056,0
1740766224.7420404,278.7088272712634,-66.22455730843298,103.86865705010031,289.60464637152813,191.2887421606818,111.69004453154756,2.0275079239519025,220.1166726326696,-85.46659478594495,-1.5547192396653535,-149.9200499602645,181.19622080169296,0.6618396105322659,3.1611713659829634,-0.4227540482850227,2.026598281567725,0
1740766224.842263,278.15313222528493,-60.488124809562436,102.70169757199916,294.6595225235603,190.42741489864204,117.08569885699896,2.029651656704073,220.20195334653488,-90.55146927260796,-1.5531097994586607,-157.18499029799864,178.8332957535471,0.6618396105322659,5.665216070223693,-0.7543057129940414,2.0310583819545265,0
1740766224.9423788,277.6159603869903,-56.19999953826469,101.83110870611749,299.4872132417802,189.72353454655388,121.64360685175771,2.029802740060945,220.29013380695116,-95.74055307575154,-1.556558599901574,-162.12118556713438,177.23069075710907,0.6618396105322659,3.234313546300377,-0.4440195950671302,2.0277272435657583,0
1740766225.0424612,277.4862982490799,-51.784082443422136,101.70144656820703,303.5907503386468,189.59387240864345,125.90333394761231,2.0301518231030187,220.35620216509608,-100.78103179266226,-1.5627664406988182,-166.90965397346147,175.65545710930147,0.6618396105322659,5.5822094445343495,-0.7357357305260619,2.0236389968369806,0
1740766225.1426096,276.800941065191,-47.11258171662354,100.608579762903,308.1202601655291,188.70476041404697,130.50383922445278,2.0312317510107554,220.38706779337164,-105.78461335491312,-1.5705837217027552,-169.25396264036561,174.87105195513539,0.6618396105322659,0.6312989960558575,-0.10596001304388625,2.0306646102747523,0
1740766225.2427928,276.81946427287477,-42.01510829007631,100.29368586403073,313.3739235834976,188.55657506845273,135.67940764671064,2.031809584925546,220.38048357281232,-110.82551845279704,-1.5749522022637787,-173.9969369639263,173.25379415023968,0.6618396105322659,3.024080069849092,-0.4145607588111182,2.028156002464892,0
1740766225.3429866,276.2452460981816,-38.19555297790855,99.55275921502853,316.7959043486595,187.89900265660503,139.30017568537548,2.03263213206274,220.3609749857572,-116.104667599501,-1.5701238816437,-178.90633228834412,171.54805499564816,0.6618396105322659,3.2254864606762856,-0.4466637382575469,2.0331297593022235,0
1740766225.4431217,275.2449950943895,-33.15487591738123,98.77478622962776,322.34774867309886,187.00989066200862,144.59643637785885,2.0315568703349802,220.37111364681982,-121.32427164897369,-1.564835720964566,-183.86165480949182,169.83844218804254,0.6618396105322659,3.214652714139346,-0.44773031383060813,2.0344795546640686,0
1740766225.5433488,275.3746572322999,-28.398180671819944,98.16352171853602,326.3518921445642,186.76908947541796,148.97685573637213,2.0340742531482694,220.4076760875722,-126.55865114356135,-1.5623066006397628,-188.84811704530046,168.15086073347322,0.6618396105322659,0.6587246435982701,-0.11680513588488761,2.0343368770513712,0
1740766225.6434834,274.522591574102,-23.81187447891763,97.40407194081904,330.6968137818818,185.96333175746054,153.44246965148213,2.034137381251526,220.44885183149927,-131.61429011346257,-1.564835720964566,-193.6995093577859,166.52880992496193,0.6618396105322659,3.082663219090055,-0.4341260353129994,2.033530558370414,0
1740766225.7435892,273.3371088883171,-19.452753750094985,96.92246956763775,336.36225082322755,185.12978922797743,158.45474853656626,2.03108181353414,220.4687007609691,-136.53602035506665,-1.5719632418799205,-198.4639719249909,164.92856515067922,0.6618396105322659,3.088566337345378,-0.429690956550005,2.0272170951406547,0
1740766225.843723,273.5593869067085,-14.78125303842998,95.9407417715294,340.42319066071275,184.75006433911892,162.8209688111414,2.034480924030861,220.45623026668122,-141.6066998345998,-1.5767915624999993,-203.1053028481897,163.33622968899758,0.6618396105322659,3.0578442305826266,-0.42835652508422095,2.0311991639420772,0
1740766225.943914,273.07778453352716,-9.996159594725128,94.88492122365493,345.20828410441754,183.98135287859105,167.6060622548462,2.0357733077261475,220.42474875321236,-146.7592080545035,-1.575412042322834,-207.9912675848569,161.63113699431958,0.6618396105322659,3.174834857819542,-0.45011695889199144,2.035049903743488,0
1740766226.044119,272.00344093590695,-5.59444159138755,94.79230542214303,350.3057575309648,183.397873179025,172.3556579697886,2.032781497596438,220.4018274173387,-151.98622168931325,-1.5749522022637787,-212.87626013591475,159.92325575365248,0.6618396105322659,3.207945331766489,-0.45134345439776413,2.033519754497328,0
1740766226.1443388,272.09605673741885,-0.5963617902415876,93.6068227363581,355.2470409660908,182.85143973688844,177.32533958792462,2.0357190371017855,220.3778171806571,-157.31747477726228,-1.5772514025590543,-217.84778250462028,158.19214198761279,0.6618396105322659,0.6583283740719397,-0.11593033521014373,2.035574064539048,0
1740766226.2445633,271.4662690976123,3.32258713219386,92.77328020687499,359.73395350332476,182.11977465224362,181.5282703177593,2.035537142565299,220.34117799626011,-162.447609268515,-1.5816198831200778,-222.81674028089236,156.45368571461532,0.6618396105322659,3.1510569938788406,-0.44720372928222396,2.033959816870479,0
1740766226.3446865,270.4289717574216,8.377463299359732,92.45838638697172,364.3912551537519,181.4436790721967,186.38435922655586,2.034362338871288,220.2757862472016,-167.47319497158568,-1.5901269242125975,-227.58974214103682,154.76403309299167,0.6618396105322659,3.1122948829688397,-0.44146035532849737,2.0297494132468272,0
1740766226.4448276,270.24374007542883,12.495199487731298,91.5507512636605,369.289941314363,180.89724566954465,190.89257040104715,2.0351065462678593,220.19577498354158,-171.38150102180745,-1.5940355647145659,-232.23024640014773,153.0798887309537,0.6618396105322659,3.0107490554589,-0.42625656122732325,2.0314358120841916,0
1740766226.5449631,269.29905853675,16.939514765583823,90.66163926906405,373.86204838549315,179.98034890290705,195.4007815755385,2.034838682922385,220.1615525584981,-172.84795589593602,-1.5942654847440934,-234.44460200716617,152.26259336881486,0.6618396105322659,1.3532073464805623,-0.20138850747278392,2.0342984176651333,0
1740766226.6450963,268.798933034854,21.540020019723926,90.23560643996511,377.8945900399684,179.51726973740955,199.7173050298462,2.0353102062183916,220.15473791793923,-173.13826837142128,-1.5940355647145659,-235.31052606663852,151.94219256315162,0.6618396105322659,0.5368123719826883,-0.08255280151847688,2.0352375630685846,0
1740766226.7452328,269.1693963988396,18.870591043791563,90.27265269739466,375.9493146702557,179.7210245481171,197.40995285702368,2.035244294420124,220.1571859103942,-173.03405368841507,-1.5958749249507864,-235.19878739702582,151.98351694033983,0.6618396105322659,0.03271414900220193,-0.006761406048803029,2.0351978069641827,0
1740766226.845464,269.35462808083236,18.799595601400256,90.69868560546261,375.87831921273084,180.02665684314746,197.33895740706558,2.034705089287349,220.1569957728312,-173.04149722210562,-1.5956450049212587,-235.19180294108497,151.98609761004462,0.6618396105322659,0.002755506705802751,-0.0007965065553013212,2.0347239280716427,0
1740766226.9455743,269.28053540803523,19.310762850178776,90.38379170659034,376.73026462736163,179.8321635573128,198.02051373877023,2.0348623878997243,220.1547006034993,-173.12337079384642,-1.6262243688484241,-235.12898515846592,152.00943758215055,0.6618396105322659,-0.05987747554928159,0.007947223799865559,2.0329765638333623,0
1740766227.0456853,269.2620122003515,19.523749192486292,90.60606972498171,376.7870609933816,179.9340409626666,198.155405092934,2.03449831790261,220.14700072336342,-173.21237568785736,-1.7214112610728336,-235.28219974349963,151.9514999866054,0.6618396105322659,0.030988428881874922,-0.004395084661808717,1.9911614273567713,0
1740766227.1458232,270.3548790846245,19.72253645842241,89.47615658327912,376.6308710019604,179.9155178339518,198.1767037301914,2.039863727855834,220.08883064429864,-173.51193010478738,-1.8522357578740145,-235.43557181643763,151.8754368093307,0.6618396105322659,0.11401984992550633,-0.015036534309961855,1.969949396944213,0
1740766227.246052,274.4299757725901,20.318898256230796,85.23435142100446,375.6937310382997,179.83216359679727,198.00631464726527,2.0600137118841744,219.9731869336899,-173.8655774478906,-1.9929468159448807,-235.9044695999548,151.54709899505337,0.6618396105322659,0.40406112253741355,-0.045701040521504664,1.9079335936718003,0
1740766227.346243,278.06051642377304,21.710409117783684,82.19655207322951,374.81338744065886,180.1285342485013,198.2618982792213,2.077235930643419,219.79282288391775,-174.23295008870477,-2.1384861946358256,-236.19330739282168,151.25715662650268,0.6618396105322659,0.2394534184740725,-0.036261579052872306,1.991991459547505,0
1740766227.4464762,280.87603775315665,23.882869936442518,78.7512431040394,373.2798856943233,179.81364042859803,198.58137781538292,2.0952540141215232,219.64489637945258,-174.4472847014996,-2.2886239739173218,-236.3479497885242,151.04761592301864,0.6618396105322659,0.30080579734199353,-0.04535161057333674,1.9321269399409622,0
1740766227.5465846,283.4322347277503,26.083728938111307,75.26888771948173,370.62465579476236,179.350561223616,198.35419236643682,2.114280733449779,219.3635396150789,-174.74445121187796,-2.4419806336122036,-236.5375767101719,150.68497120109964,0.6618396105322659,0.4371381044974385,-0.07124374407217277,1.9477951258320505,0
1740766227.6467028,285.72910742652306,29.335320620347062,72.71269074488806,368.6367831505347,179.22089908570555,198.9860518854409,2.131412846266197,219.11194342804475,-174.94209982297906,-2.5930380930118098,-236.64275478736897,150.38280702903845,0.6618396105322659,0.36232445153515697,-0.06806171387746401,1.9671719632145699,0
1740766227.746869,287.98893370992823,33.05548227684636,70.17501689900918,365.8963587170774,179.0819753044687,199.4759204969619,2.150264466499785,218.72145538509983,-175.15851662079837,-2.7424861122047233,-236.68455596273174,150.19377879874293,0.6618396105322659,0.22779527870391247,-0.05461357705071436,2.062165085217815,0
1740766227.8470044,289.2670322761941,36.54845851466678,67.8225747351231,362.57377157731685,178.5448035056586,199.56111504599184,2.1674426631985515,218.192401618484,-175.35825629889243,-2.8900947711614164,-236.7393259117559,149.66832839067155,0.6618396105322659,0.3188734906078499,-0.08212533971650578,2.0802714686363624,0
1740766227.9476223,289.9709125887977,43.47761459402048,65.6738873819446,355.2044436915759,177.82239998537113,199.3410291427982,2.19451023914727,217.71976910173106,-175.46092841353257,-3.0393128703248022,-236.71865705130259,149.14042167449634,0.6618396105322659,0.295761110990747,-0.08163441676574397,2.0954872081604328,0
1740766228.0477233,289.9709125887977,43.47761459402048,65.6738873819446,355.2044436915759,177.82239998537113,199.3410291427982,2.19451023914727,217.36387437000076,-175.49202323512108,-3.155192565206692,-236.61696741474327,148.62200952627148,0.6618396105322659,0.33049307999761723,-0.09619559288155453,2.1093480185226605,0
1740766228.1478155,289.8782967083168,47.31136898255966,65.32194722564277,351.41328657755173,177.60012196697977,199.36232778005567,2.2068479525852354,217.2224685697393,-175.48802854921973,-3.1889908095472435,-236.57475234957403,148.49483674995258,0.6618396105322659,0.10101091438195735,-0.03282485857073269,2.171453156125133,0
1740766228.2479076,289.4337407505031,49.65421886901106,64.97000706934095,348.68706123559946,177.20187390992203,199.17064005230523,2.214702034920406,217.17040734652107,-175.4855179600823,-3.1864616892224404,-236.54789869786276,148.42538779178784,0.6618396105322659,0.01254531457938686,-0.005330100420727963,2.2102963669697604,0
1740766228.3480074,289.693065105293,48.5892871120727,65.09966920725141,350.192164798925,177.39636715627222,199.39072595549882,2.210874899286426,217.0811395331121,-175.48165385987272,-3.180943608513779,-236.50946243584337,148.3284892808211,0.6618396105322659,0.050117559443150356,-0.016856500609359303,2.2142833481641047,0
1740766228.4481125,289.67454189760923,48.23430983958178,64.87739126782905,350.27735934795487,177.27596658271915,199.2558345937683,2.2106106999174333,216.06919557477724,-175.44383231311954,-3.177264888041338,-236.47972773143198,148.25217178871443,0.6618396105322659,0.045571192519476916,-0.015585847286059488,2.213108739617777,0
1740766228.5482097,289.526356552015,48.77387528650385,64.69215958583625,349.89398390758754,177.1092580689256,199.33392959704568,2.2121561007307333,212.90660485532874,-175.33298917424491,-3.17427592765748,-235.6242145508487,146.02834907065457,0.6618396105322659,1.4462370749210112,-0.4738475577026765,2.21348964988108,0
1740766228.6483111,288.5816750923052,48.44729621215649,64.02532553066216,350.20636390556353,176.30350031148367,199.32683005886,2.210547899861607,208.79123776664684,-175.1969268222202,-3.175885367864173,-234.31037956196087,142.58471998732097,0.6618396105322659,2.17740667438344,-0.7275796520317312,2.2102014080450796,0
1740766228.7483644,283.3396189262384,47.75154077381325,58.283143862699305,350.1495675395437,170.81138139446887,198.95055415667846,2.2106003374802814,204.08086991911136,-175.03096064506425,-3.178414488188976,-232.69540092856312,138.35543276083152,0.6618396105322659,2.6926775250236714,-0.9040583174997205,2.2086663053376054,0
1740766228.8484707,278.3939333723911,47.72314259080329,53.6153058713257,349.87978483121617,166.0046196218584,198.80146371100975,2.210391155195255,199.17732941170402,-174.84974945289468,-3.1772648880413383,-230.97301308624782,133.88024510980887,0.6618396105322659,2.8466264720693437,-0.9601892470596155,2.209987873971443,0
1740766228.9485888,274.3188367633945,46.828599901657526,50.09590422933847,349.52480755872534,162.20737049636648,198.1767037301914,2.208352632506812,193.95328658217917,-174.67228496526135,-3.171286967273622,-229.13627666020287,129.10599706018246,0.6618396105322659,3.07489312830965,-1.032290707995479,2.212017883097096,0
1740766229.0486934,269.44724388234425,46.54461810182511,44.29815309626228,349.78039119068137,156.87269848930327,198.1625046462532,2.209472752303019,188.83255627552919,-174.52607547287388,-3.1662287266240154,-227.30941185203642,124.28016631238732,0.6618396105322659,3.0463755023233534,-1.030574858842658,2.212136267437401,0
1740766229.1487927,264.7794058909707,46.374229018898916,39.648838233603456,349.3402193842942,152.21412206228706,197.85722420159655,2.2098594330241434,183.68876873312357,-174.40759844030976,-3.162779926181102,-225.5142932849141,119.46627091369024,0.6618396105322659,3.053275023002165,-1.0342550858902246,2.213439872978579,0
1740766229.248886,259.94485942528803,46.18964084446779,34.536444205447125,349.39701575031404,147.24065181536758,197.7933282973909,2.210068645374599,178.67139256692104,-174.29786699476014,-3.1655389665354328,-223.74956704860097,114.664937917206,0.6618396105322659,0.618903425677245,-0.26403975725208273,2.2101801269482597,0
1740766229.3489864,255.33259089902776,45.437089055238204,29.646328274651168,349.2408257588929,142.48945958683947,197.33895740706558,2.2097177075780277,173.72134773088524,-174.1753052651699,-3.168068086860236,-222.03744589284236,110.03467271125308,0.6618396105322659,2.8838301489261386,-0.9691202861506375,2.2079929061653045,0
1740766229.449087,250.34985908775093,45.23830177416849,24.99701341199234,349.1130339353481,137.67343624987163,197.17566785475825,2.208898332082176,168.48863993778372,-174.037964309913,-3.164619286417323,-220.2734942915519,105.30451224835795,0.6618396105322659,3.0195448021510582,-1.015803753614971,2.2092266254870254,0
1740766229.5491917,245.60792842358018,44.74133363202856,19.717910909526992,348.75805669312433,132.6629196665536,196.74969516257644,2.2098142140569337,163.1585892755853,-173.92244278605185,-3.1595610457677163,-218.40009496080046,100.25757059053433,0.6618396105322659,3.1901597780919535,-1.0760593715906186,2.212745668609058,0
1740766229.6492906,240.9215672245228,44.51414818308248,15.124165590950511,348.5166721526732,128.02286640773667,196.51541016787783,2.2096402628261886,157.9025173998288,-173.83222043221826,-3.15634216535433,-216.59990940159236,95.32649403981068,0.6618396105322659,3.1249177249739106,-1.0586623267038742,2.2116377363310513,0
1740766229.7493653,231.51179856897846,44.14497183422017,5.714396935406185,347.97710672088476,118.61309775219233,196.0610392775525,2.209908650387624,152.8025484734493,-173.75988647775134,-3.1556524052657475,-213.9798949288045,88.05521866987573,0.6618396105322659,5.473094952142945,-1.80966663564898,2.210838997991811,0
1740766229.849463,231.51179856897846,44.14497183422017,5.714396935406185,347.97710672088476,118.61309775219233,196.0610392775525,2.209908650387624,147.89618629699285,-173.6881260245233,-3.159101205708661,-212.31788674155376,83.43837254349017,0.6618396105322659,5.273697110200768,-1.7376493520685306,2.2065266458974127,0
1740766229.9495544,226.62168255921353,43.81839274473924,1.1947442106578166,347.67892582954744,113.90821338493566,195.74865928714334,2.209077984076866,143.13904954351617,-173.59933065725903,-3.1616303260334644,-210.68825317818377,78.9681903148037,0.6618396105322659,5.11241075576509,-1.6749598343025152,2.206365685912303,0
1740766230.0497363,222.89852610651872,43.34982277047567,-4.010265619010411,347.6647267229089,109.44413024375415,195.50727474669227,2.2114999802170723,138.16613523196466,-173.50024531776978,-3.1593311257381886,-208.97877898853392,74.29728112606364,0.6618396105322659,5.295429245289645,-1.747924078223301,2.213430554766451,0
1740766230.149885,217.80465520707713,42.93804916223203,-8.548441393504547,347.22455493165523,104.6281069067863,195.08130204694365,2.210370069407615,133.11101882469308,-173.4169319892019,-3.15450280511811,-207.25751254685107,69.54350527538243,0.6618396105322659,5.392482733262357,-1.785913370179206,2.2154181229902474,0
1740766230.2500267,213.04420141419166,42.68246553027598,-13.234802592561934,347.4659394569727,99.90469941081486,195.07420249362437,2.2094320644435275,128.05556535426584,-173.35743152534235,-3.150594164616141,-206.3990930519523,67.1460333157899,0.6618396105322659,3.015038965745864,-1.020578027763166,2.2121610444058395,0
1740766230.3502476,208.19113174082526,42.34168736442365,-18.069349058244555,347.068364940234,95.06089134129034,194.70502615232883,2.209482082292288,123.05203794846302,-173.31810922611155,-3.1478351242618103,-204.7195456716711,62.40894428392473,0.6618396105322659,2.9880109559594126,-1.0115403650044885,2.2120891760214363,0
1740766230.450474,203.28249260234549,42.21389554087884,-23.070604077205203,346.9405731166893,90.10594426257015,194.57723432878404,2.209677972625191,118.13036928183004,-173.2851324515368,-3.1512839247047237,-203.07797426865392,57.729519437485905,0.6618396105322659,0.602324378036319,-0.25627954400372266,2.209775892307896,0
1740766230.5506995,199.0036411036723,41.83052011564516,-27.71991893986403,346.8553785827929,85.64186108190412,194.34294934921903,2.2099926345832124,113.34284710629711,-173.23818596571425,-3.1519736847933064,-201.4620182753634,53.15159396091611,0.6618396105322659,0.5688536343851025,-0.23817950470513538,2.209779314077341,0
1740766230.6509278,189.24193221285714,41.4187464922679,-37.20378026820548,346.5855958744655,76.01907597232582,194.0021711833667,2.209182914380247,108.24263307438667,-173.1858378063832,-3.1508240846456683,-199.8306198731725,48.55543464352587,0.6618396105322659,2.890484841927842,-0.9689661651646801,2.2102163009147477,0
1740766230.7511208,189.24193221285714,41.4187464922679,-37.20378026820548,346.5855958744655,76.01907597232582,194.0021711833667,2.209182914380247,103.0380806851786,-173.14373177744326,-3.1464556040846445,-198.08445716821302,43.62865999869471,0.6618396105322659,3.088981162662191,-1.0410649772408087,2.211622887702997,0
1740766230.8512294,184.83341857627346,40.978574685880716,-41.890141467262865,346.528799493312,71.47163855450529,193.75368708959635,2.209168916629586,97.81850526888444,-173.12318371341317,-3.143006803641731,-196.37422457992955,38.74449131571223,0.6618396105322659,3.0751071965716217,-1.0392684236441407,2.2113330382566834,0
1740766230.9514496,179.96182577419228,40.58100015400845,-47.02105862413397,346.28741496799455,66.47038357502915,193.4342075610015,2.2094714247212117,92.76270153293466,-173.11775971630206,-3.1418572034940935,-194.67947184352005,33.847048723695316,0.6618396105322659,3.0425493398572487,-1.0300301780630357,2.2104103952819556,0
1740766231.0516706,175.57183526632338,40.311217445681024,-51.42957226071765,346.0886277020584,62.07113150280286,193.1999225738697,2.2093993429618344,87.84836901902429,-173.1147904541549,-3.145076083907479,-193.0537905976812,29.122689935573497,0.6618396105322659,0.6095543270938304,-0.2584985738654906,2.2094385402884504,0
1740766231.1519105,170.66319604887462,40.112430179744905,-56.245595597685494,345.94663680214217,57.20880022559456,193.02953349094358,2.209115168035148,83.14258212070695,-173.09194735292004,-3.148294964320865,-191.48820765319388,24.598147279214956,0.6618396105322659,0.5627446343021543,-0.23547617862305525,2.2087592646274223,0
1740766231.252021,166.12502027438046,39.487670198926565,-60.78377145114864,346.1880213425933,52.67062441161592,192.8378457707599,2.2077624277087198,78.2581345653817,-173.0603534026511,-3.1469154441436995,-189.920571069697,20.129510787088826,0.6618396105322659,2.7911372835755324,-0.930578684171854,2.208289999296407,0
1740766231.3521304,161.43865907532307,39.3172811160004,-65.80354959882406,345.9750349851521,47.81755473824951,192.64615805057625,2.208531061035728,73.23216446639223,-173.0376275852268,-3.1430068036417307,-188.2650274680144,15.399753306183335,0.6618396105322659,2.9740424226697626,-0.9988423683924105,2.210189414659459,0
1740766231.4523723,156.60411253067144,39.34567929901036,-70.47138759019766,345.93243771063715,43.066362470236896,192.6390585048238,2.2082907801474936,68.18380699754994,-173.0362749229598,-3.1388682431102346,-186.61742202546702,10.643581141704267,0.6618396105322659,2.9980908636261687,-1.0092296748080405,2.210891377506176,0
1740766231.5524867,147.12025120233,38.77771568421193,-80.2516196097276,345.71945135319606,33.434315796301206,192.248583518704,2.2083611592711074,63.18015986077134,-173.05509938227183,-3.135649362696849,-184.99777698147602,5.90141239236528,0.6618396105322659,2.966078622351545,-1.0020689913562475,2.2114323477731705,0
1740766231.652593,147.12025120233,38.77771568421193,-80.2516196097276,345.71945135319606,33.434315796301206,192.248583518704,2.2083611592711074,58.213782604664274,-173.08291119707204,-3.138178483021652,-183.39743453148134,1.1605515420930175,0.6618396105322659,2.9622927221284923,-0.9992758421651994,2.2079744381734256,0
1740766231.7527316,142.39684374584306,38.33754389295834,-85.25287462868825,345.8330440852359,28.571984558577412,192.0852939890971,2.2080831638306693,53.373925573750284,-173.0949705034128,-3.1413973634350376,-181.83046821877923,-3.4658319004073164,0.6618396105322659,2.8807404502784317,-0.9697721725347134,2.206103937320152,0
1740766231.8528702,137.61786674527377,38.124557535517226,-90.40231491427413,345.50646501088863,23.60777591549983,191.81551127320293,2.2090377338897467,48.31067276405208,-173.09595930685015,-3.1400178432578723,-180.24748422887876,-8.086760129248518,0.6618396105322659,2.909356630240974,-0.9785035099714575,2.2087280516805308,0
1740766231.9530978,132.63513493399694,38.2807475269384,-94.86639809494015,345.63425680416617,18.884368419528386,191.9575021655523,2.207992650559519,43.06128942312064,-173.10906071854475,-3.1370288828740143,-178.55352882814827,-13.031727315372407,0.6618396105322659,3.0874730313654606,-1.0361157615897407,2.20998385531317,0
1740766232.05321,128.0599127441352,37.47139937168893,-99.64537509550944,345.1656868299026,14.20726882431289,191.31854310079578,2.2078908375330806,37.81941851205197,-173.13842258013247,-3.1338100024606286,-176.8701300311546,-17.996026016444276,0.6618396105322659,3.1020423624703155,-1.0432013090699335,2.21019292729149,0
1740766232.1534276,123.35502841636306,37.31520938026773,-104.42435209607872,345.0236959299864,9.465338160142167,191.16945265512706,2.208024342293701,32.77122398022377,-173.17938093666626,-3.1384084030511796,-174.43113971391128,-25.275058869860672,0.6618396105322659,5.4243209897063265,-1.7809495302735496,2.2036641766779392,0
1740766232.2535274,119.1132232540884,37.01702848893035,-108.98105107825664,345.17988593654127,5.066086087915878,191.09845721273578,2.2079793712933924,30.336404201404633,-173.1858705952282,-3.1446162438484238,-173.6461725095138,-27.579883366219903,0.6618396105322659,1.410392289214208,-0.5022916810681084,2.2028652890957736,0
1740766232.3543143,114.48243159911335,36.676250323077994,-114.22310724432343,344.768112313164,0.12966217739496244,190.72218131812102,2.2093699231525026,29.435449767014504,-173.182499340686,-3.1471453641732268,-173.35025229860315,-28.430860150262234,0.6618396105322659,1.1128239022225492,-0.3815372313008158,2.2060225913247815,0
1740766232.4544857,112.98205509342516,37.343607563277686,-115.20483511940078,344.24274597288047,-1.1113900129878118,190.79317676807912,2.2101399277889,29.517354310183265,-173.18290620154102,-3.147375284202754,-173.37724894100373,-28.353531623659595,0.6618396105322659,0.03552596180006482,-0.022281844523793795,2.208829432884322,0
1740766232.554624,115.20483504043177,36.77564394847926,-113.27842578461365,344.49832958970296,0.9632046279090645,190.63698676909112,2.2094783848956236,29.69605436613242,-173.18393956947332,-3.1528933649114155,-173.436288225468,-28.184862892901748,0.6618396105322659,-0.16391880433980344,0.0492384071746957,2.2038786717536367,0
1740766232.6547275,114.57504740062525,36.690449414582986,-114.09344510641297,344.56932504722784,0.24080114710613998,190.62988723090544,2.2096233841986006,29.83005269009842,-173.18633555152115,-3.217730813238187,-173.4820920171114,-28.05891328303035,0.6618396105322659,-0.14601154010022668,0.04668704596304063,2.1447098337045194,0
1740766232.754878,114.98255710100942,40.21182382027976,-113.18580990413274,341.84309970527556,0.8983735984383401,191.02746176277768,2.218411381763029,29.94824109038774,-173.2011656518089,-3.338208908710628,-173.5345184492953,-27.951955819307784,0.6618396105322659,-0.1312119924968483,0.03648621674540978,2.084484611991989,0
1740766232.8550177,114.98255710100942,40.21182382027976,-113.18580990413274,341.84309970527556,0.8983735984383401,191.02746176277768,2.218411381763029,29.91244779590123,-173.19084415360908,-3.4814490871062973,-173.51312724641807,-27.982453519135042,0.6618396105322659,0.022010924865696103,-0.003165041557619352,2.065555692923809,0
1740766232.9551249,113.55627326811835,44.35795819166128,-112.70420760992046,338.193933476034,0.42603282909894347,191.27594583384766,2.2269895300213247,29.89902646984108,-173.18431904546586,-3.633196306594486,-173.50259540108132,-27.993026563318093,0.6618396105322659,0.02239550377145158,-0.007084454458819449,2.1385526518694578,0
1740766233.0553231,112.51897592792766,46.97059080157371,-111.20383110423226,335.02753634282817,0.6575724118476955,190.99906357220092,2.231143738803624,29.840815763566233,-173.15120621545387,-3.7874726464074784,-173.46985409700704,-28.023422790433614,0.6618396105322659,0.04646814446841935,-0.015511168179649341,2.1427035074322323,0
1740766233.1555564,109.88868620156786,50.3499743073543,-110.01834841844733,331.7049492030675,-0.0648311084397335,191.0274617552109,2.2342165960874243,29.675114912623272,-173.01296606156856,-3.936230905511809,-173.39066026913585,-28.078993551678927,0.6618396105322659,0.011126174285959467,-0.003370085974202776,2.2219187540015,0
1740766233.2556653,105.3690335557885,50.73334973258798,-107.44362823616989,328.6095475122529,-1.0372973401906904,189.6714486224204,2.2243671695467864,29.43525873787853,-172.74832189370233,-4.084299404527558,-173.11994671187284,-28.21966374335847,0.6618396105322659,0.03309203847289499,-0.01215980562246291,2.2136595922733466,0
1740766233.3558006,100.25663960660118,53.21819054922278,-101.18279793759619,322.9867077302886,-0.46307916549750416,188.1024491397557,2.2121899078644174,29.26408473088673,-172.49578866227063,-4.232137983513779,-172.77581884120082,-28.340117567529166,0.6618396105322659,0.20255081023305826,-0.06761933900183881,2.13527526008875,0
1740766233.4559345,100.25663960660118,53.21819054922278,-101.18279793759619,322.9867077302886,-0.46307916549750416,188.1024491397557,2.2121899078644174,29.213052138325594,-172.38822831956276,-4.382045842765748,-172.58621639240184,-28.378668602721337,0.6618396105322659,0.09353397092048693,-0.031448697242958484,2.12681573222711,0
1740766233.5560787,95.25538458764053,51.20191972198512,-96.95951590403631,320.7290523777335,-0.8520656581978869,185.96548604985932,2.190297380282458,29.16352405127982,-172.22442105347898,-4.5358623425196845,-172.43746393343133,-28.383070789276378,0.6618396105322659,0.018747507818819314,-0.005889725737154294,2.1794739383305237,0
1740766233.6561852,86.67915838261031,51.44330427756978,-89.05012375418018,317.3496688719529,-1.1854826857849332,184.39648657476133,2.1547744370216093,29.15162125315397,-172.1284194319919,-4.689219002214567,-172.32637383452536,-28.37215990561502,0.6618396105322659,0.1266996397992209,-0.03428681463902951,2.0256574385765864,0
1740766233.7563214,82.69667757512558,51.372308804911285,-84.43785522791991,317.4064652228392,-0.8705888263971673,184.38938701387522,2.131725464624238,29.15390349869919,-171.95730205123914,-4.840736301673228,-172.17598950371595,-28.32973898545859,0.6618396105322659,0.10178909396591185,-0.025778300883757634,2.0681311008632868,0
1740766233.8565,79.15875272545456,51.31551245402497,-80.8999304572179,317.6904470529388,-0.8705888658816718,184.50297975348192,2.111860738347527,29.183910775219132,-171.7737033037075,-4.951787675935039,-172.01328429458937,-28.256138723586165,0.6618396105322659,0.11431818785211403,-0.02657011910508996,2.0516515069016923,0
1740766233.9566169,76.9730190358775,50.60555793931033,-78.82533577683652,318.1022206611825,-0.9261583704795129,184.35388930024638,2.0981972841757583,29.181435580401647,-171.7807544297103,-4.985126080216536,-171.91736131061904,-28.19895514902319,0.6618396105322659,0.0439953831351879,-0.010048781808001143,2.079998187265005,0
1740766234.0567193,76.9730190358775,50.60555793931033,-78.82533577683652,318.1022206611825,-0.9261583704795129,184.35388930024638,2.0981972841757583,29.153276572033757,-171.8811225542435,-4.98466624015748,-171.97880809171625,-28.241007780170445,0.6618396105322659,-0.04223058111433545,0.007974226774075565,2.094883842122556,0
1740766234.157232,77.93622370327107,51.358109728539915,-79.60330876223729,318.4571979185398,-0.8242809651257232,184.92895246079732,2.1035733126624168,29.139276203856536,-171.93132875672845,-4.982596959891732,-172.05846111679332,-28.29600905852522,0.6618396105322659,-0.010719915287762866,0.0026998779252481453,2.102609348794624,0
1740766234.2573361,77.45462140905879,51.25871608800506,-79.43660028792827,318.59918883358955,-0.9909894394347418,184.92895246079732,2.101497452763452,29.37766550839669,-171.06247814834438,-4.98282687992126,-172.04003135368907,-28.28338664969431,0.6618396105322659,0.0012139594823283098,-0.00024766227244563837,2.1037514394482684,0
1740766234.3574433,78.01031637606819,50.222182498943056,-79.36250761513115,317.84663704436,-0.6760956195314805,184.03440977165158,2.1023723478877483,30.140603374411494,-168.31462376208526,-4.983516640009842,-170.30115008178973,-27.093174935332847,0.6618396105322659,1.3720575223673235,-0.28502493020223596,2.100743990147633,0
1740766234.4575377,79.23284539825168,45.35189450620834,-78.52896508564804,312.7633627093178,0.35194015630182207,179.05762860776306,2.1038000457618855,31.233881203707075,-164.3834286983398,-4.983056799950787,-167.38617242761666,-25.090157380933753,0.6618396105322659,2.2141727709959853,-0.4689356947584188,2.1020250591813343,0
1740766234.557634,80.02934159133623,41.78792284113021,-77.67689942745015,308.94380739715007,1.1762210819430408,175.36586511914012,2.1040643862469737,32.45813868701317,-159.95539774423276,-4.9796079995078735,-163.73446644848713,-22.581570251706854,0.6618396105322659,2.7039390236200216,-0.5818625397486936,2.1055614886686183,0
1740766234.657732,80.93697671464746,37.71278391214,-76.71369476005658,305.30884027454704,2.111640977295437,171.5108120933435,2.1031898508047098,33.71573796241162,-155.35120036476772,-4.977538719242125,-159.8723389079629,-19.945375706945402,0.6618396105322659,2.8546537054939796,-0.620917918618885,2.1054370261435476,0
1740766234.7578266,81.99279726252193,33.282667725792464,-75.97276811105438,301.3188958945866,3.010014575733777,167.30078181018953,2.1033437488375197,34.9609854656514,-150.75907443124444,-4.975469438976377,-153.93875401206432,-15.919454805618685,0.6618396105322659,2.937165289790822,-0.6413521415858704,2.1047628964845213,0
1740766234.857925,83.17827986933786,29.406316077871935,-75.12070245285649,296.7751869761993,4.028788708240683,163.09075152703556,2.105358710639689,36.18321797174628,-146.21472196374737,-4.9745497588582674,-150.03807975687994,-13.287016391762897,0.6618396105322659,2.8557714463022563,-0.6219932195451654,2.1037248470009975,0
1740766234.9580233,83.6043126984368,25.217584416841902,-74.3612525961705,292.5580571624264,4.621530051133149,158.88782078963416,2.1044813667994395,37.38522962881466,-141.74974862890775,-4.978458399360235,-146.20590781310028,-10.699493039623846,0.6618396105322659,5.0459821178666235,-1.0678714877757076,2.101243990567911,0
1740766235.058121,83.6043126984368,25.217584416841902,-74.3612525961705,292.5580571624264,4.621530051133149,158.88782078963416,2.1044813667994395,38.607081021661024,-137.28244423043915,-4.981217439714566,-142.37797746952228,-8.092448985624685,0.6618396105322659,5.0925709571531295,-1.0776112111936635,2.101488983024608,0
1740766235.1582215,86.10494020791712,16.030772984933066,-72.6756444084895,284.3225847705497,6.71464789971381,150.17667887774135,2.1051797537293915,39.88730587324255,-132.62268297417523,-4.977768639271653,-138.38699852864042,-5.367666842145539,0.6618396105322659,5.2899487367759,-1.1194093803679714,2.106475020956497,0
1740766235.2583394,86.82734372820455,12.551995853751208,-72.04585676868298,280.33264037545575,7.390743479760786,146.44231811460352,2.106271874926997,41.16658649501627,-127.90091966763033,-4.97523951894685,-134.33707473512885,-2.6236324219845386,0.6618396105322659,5.367480908436694,-1.1483575384070503,2.1078018700667087,0
1740766235.3584378,87.60531671360532,7.979888752353872,-70.80480461778471,275.817329655212,8.400256047910304,141.8986092037829,2.1048988888947093,42.43938807426921,-123.16198324996301,-4.973170238681102,-130.26880445118468,0.11985425150577811,0.6618396105322659,3.005826489122305,-0.6653562326581197,2.1075444001186256,0
1740766235.458538,88.80932260707404,3.4645780321100688,-70.28615590820486,272.0829689072076,9.261583349434588,137.77377346965883,2.1055149971270337,43.6867417089283,-118.48560752516224,-4.973170238681102,-126.25143219037919,2.8189469004368917,0.6618396105322659,5.280664333574235,-1.1244924759916604,2.1052316651424787,0
1740766235.5586314,89.402063910482,-0.39757453943906285,-70.00830842470016,267.8090427122813,9.69687774289092,133.70573408642113,2.1070559329656344,44.89599680357809,-113.96861151750745,-4.976848959153543,-122.37241360931723,5.430223535510613,0.6618396105322659,5.1608128673518365,-1.10071037000706,2.1018158551700963,0
1740766235.6587257,90.56902338858315,-5.040677068094112,-68.84134894659901,263.4641210749636,10.863837220992068,129.21172200343474,2.1065680456138334,46.089256602018466,-109.58612591562104,-4.981447359744094,-120.48599238506269,6.7080389713985085,0.6618396105322659,2.7940103172595667,-0.6167692297508556,2.1039206644053072,0
1740766235.758819,91.69893660925474,-9.115815981950732,-68.26713077190583,259.5451721373946,11.715902918674459,125.21467807772197,2.1078412145757417,47.296637844811414,-105.20750526614195,-4.980067839566929,-116.74717596386192,9.260736601975339,0.6618396105322659,2.7632801591082363,-0.6086647042685853,2.1062459120382004,0
1740766235.858918,92.31020104137748,-13.07736219403472,-67.50768091521984,255.49843140654795,12.401260063078823,121.21053460625663,2.1075732748715192,48.538517712525724,-100.6607658370657,-4.9756993590059055,-112.94129313510189,11.860463813901802,0.6618396105322659,2.8262674839569777,-0.6258899896889575,2.109895002365043,0
1740766235.959021,93.62534586507287,-17.450682014362343,-66.58152258422483,251.23870430312658,13.521911640424022,116.89401114438212,2.1084561683218563,49.76218047475089,-96.10908837748464,-4.9736300787401575,-108.9958395869169,14.533017207930577,0.6618396105322659,0.5849745710510525,-0.16389380826588917,2.107874378182071,0
1740766236.0592446,94.3477493853603,-21.483223683971204,-66.02582761721543,246.8937826658089,14.160960884072438,112.70527949091885,2.109425854363202,50.983538718284336,-91.52596222916635,-4.971100958415355,-105.09212444965381,17.16094410472671,0.6618396105322659,2.8403427407293265,-0.6280036142617383,2.110079189961925,0
1740766236.1594682,95.10719924204629,-25.913339855185143,-64.97000706934095,242.88963917921004,15.06859608635267,108.48814966201243,2.1079142537223707,52.158384635987154,-87.08456389558937,-4.972250558562993,-101.18828150882655,19.77532285576201,0.6618396105322659,2.84758192106526,-0.6379918627263392,2.109769151342121,0
1740766236.2595751,96.4964367385388,-30.04527515019528,-64.50692790384345,238.82869935685838,15.994754417347679,104.39171210333154,2.1103374657361895,53.34538146550616,-82.63869283406427,-4.9768489591535445,-97.40817353388414,22.30683568095156,0.6618396105322659,2.7899612442855344,-0.6217958267393036,2.105879104706076,0
1740766236.3597107,97.45964140593237,-34.2056085979482,-63.46963056365276,234.66836587883827,16.99500542113981,100.23137864044503,2.1101346052173318,54.544499941221545,-78.23465135222978,-4.981677279773623,-93.58889923860926,24.886844532892642,0.6618396105322659,2.795786886060397,-0.6255433293591087,2.1070767467401885,0
1740766236.4599333,97.996813244227,-38.82031297386048,-62.599041776740094,230.50803241595176,17.698885733743452,95.84385972104565,2.1084780955162685,55.8116238921284,-73.63306615367118,-4.97914815944882,-89.76434445636664,27.49883712862822,0.6618396105322659,2.8571889287063836,-0.6388610878968599,2.110916093365104,0
1740766236.560108,99.16377272232815,-42.85285461320217,-61.69140657445986,226.20570803801544,18.736183073934143,91.67642671240665,2.1096293862807407,57.084948923485854,-68.97141357140445,-4.978458399360237,-87.77194802089406,28.859156835998935,0.6618396105322659,0.5924674643632066,-0.16689097010049414,2.108681196518841,0
1740766236.6603267,100.29368586403073,-47.02738716759366,-60.70967877835152,221.90338367521272,19.79200354283961,87.43799825380952,2.1102443745400903,58.36376215428646,-64.27266880560857,-4.977078879183072,-81.76325733835773,32.94677935609475,0.6618396105322659,2.913791517551552,-0.6475949533442952,2.1102577173418284,0
1740766236.7604957,100.8864272464077,-51.514299719961116,-60.22807640517023,218.01283292065366,20.32917542061874,83.24926660034626,2.1095725112932744,59.63825026550722,-59.572748783428985,-4.977998559301182,-77.72073739430755,35.688468073547796,0.6618396105322659,2.9790493902706228,-0.6691467666735077,2.1100651314745367,0
1740766236.8606045,101.97929405171173,-56.28519407216098,-59.20930227266332,213.5259203682862,21.384995889524205,78.62036314806261,2.109311256076018,60.884054088637555,-55.01164371384883,-4.982367039862205,-73.74045916724593,38.38927365738526,0.6618396105322659,2.9222338607341443,-0.6558272143229534,2.1074890767350607,0
1740766236.9608095,102.86840604630818,-60.40293026053256,-57.96825012176505,209.08160510556726,22.450077962271564,74.33933742251736,2.1088822343415927,62.11846051957571,-50.578705686969315,-4.987425280511812,-69.90504242375539,41.01176478193544,0.6618396105322659,2.8274860137845153,-0.6326393527252727,2.1057964738873443,0
1740766237.0609977,103.62785590299417,-64.2366846642053,-57.560740421380885,205.00646617657705,23.033557740806643,70.38489075618588,2.1102394972191663,63.370194770888,-46.14288590338937,-4.985815840305119,-66.12031872008643,43.62913029183653,0.6618396105322659,2.81269047596456,-0.6265190536860676,2.108528626585325,0
1740766237.161188,105.20232508147949,-69.2773617247326,-56.78276743598012,200.84613272882413,24.209778822749684,65.78438550204575,2.1109735166180963,64.66530182914968,-41.51042963857713,-4.982596959891734,-60.26883654915609,47.66953293714338,0.6618396105322659,2.9592609312548057,-0.6655142949376697,2.1119246095655964,0
1740766237.2614126,105.73949691977411,-73.30990337920788,-55.37500673180382,196.47281289336294,25.182245093985145,61.58145475707752,2.1091551854494273,65.93814965775086,-36.90269950265773,-4.980297759596459,-56.32466883111421,50.37043271540076,0.6618396105322659,5.207631791392398,-1.1425821898518487,2.1133923539572397,0
1740766237.3616426,106.64713204308534,-77.6122277420106,-54.39327893569548,192.42607214738265,26.12692655369493,57.40692220268602,2.1085360698546043,67.21719901235052,-32.23489390319582,-4.978458399360239,-52.325700067500435,53.09671685200706,0.6618396105322659,5.308070981162456,-1.1610150561132175,2.1112999445664937,0
1740766237.4618444,107.57329037408034,-82.14173756889299,-53.967246106596534,188.23734050148622,26.803022133741905,53.04780146629662,2.1093456849409584,68.44569790645687,-27.723092235709373,-4.978458399360239,-48.457846563780606,55.72450548378783,0.6618396105322659,5.155310194159368,-1.1235909236601684,2.108734511111591,0
1740766237.5620642,108.22160122157065,-86.33046921478946,-53.11518044839865,183.89241886416855,27.553210386586002,48.78097482468954,2.1090444490446694,69.68636847294648,-23.19146140308043,-4.983746560039372,-44.57519448373659,58.37024815515947,0.6618396105322659,5.161238269576961,-1.1191636407039849,2.104013643950598,0
1740766237.6622574,109.61083871806316,-90.56179813520087,-51.50366493351477,180.39944264148173,29.053586892274197,44.91882225314043,2.107238367852969,70.93986438549413,-18.709735834533905,-4.987655200541341,-40.74390712463145,61.011905446803965,0.6618396105322659,5.118936832557308,-1.1056540006932245,2.1047746129876406,0
1740766237.762485,110.64813605825385,-95.23329884686589,-50.521937058437416,176.06872009566902,30.06309949990822,40.417710624401565,2.106837810304132,72.27227368299017,-13.979476885673465,-4.984436320127955,-36.703210830252196,63.808946332439696,0.6618396105322659,3.033740079481913,-0.671900272685288,2.10902332104227,0
1740766237.862593,111.5372480528503,-99.3084377758561,-49.74396407303665,171.42561755188038,30.896641989906826,36.058589888012136,2.1080615183608744,73.59477577606003,-9.238706561378608,-4.984206400098428,-32.64935448664818,66.60003282327268,0.6618396105322659,5.364134348684125,-1.151000568265165,2.1073426435739893,0
1740766237.9627078,112.4819295915291,-103.71015577919368,-49.003037424034446,167.53506681245491,31.739446083747325,31.912455516630615,2.107787309075833,74.92109008229285,-4.4758096114862,-4.983746560039372,-28.575810660014486,69.40191392116152,0.6618396105322659,5.42898466487505,-1.175620561037235,2.1084695446780453,0
1740766238.0628514,113.51922693171979,-108.58044375679482,-47.78050840185095,163.53092332585604,32.86935926493442,27.4752397845306,2.1058834520247096,76.21249555844923,0.15768100818304376,-4.986505600393703,-24.61330974410635,72.1287343989042,0.6618396105322659,5.3012254302575155,-1.1457506337941523,2.1050772520165415,0
1740766238.1629946,114.66766320213715,-112.88276811959753,-46.55797945863647,158.7742280651611,34.05484187175034,22.945729972781777,2.106415126640997,77.48843620907311,4.679508892640744,-4.991333921013782,-20.75138845354028,74.80464843079054,0.6618396105322659,5.180240125125744,-1.1074293683744514,2.100997248842307,0
1740766238.263129,115.53825206801882,-116.95790704858776,-46.03933074905662,154.79848277670575,34.7494606594811,18.92028786405899,2.107211944722145,78.75274827026927,9.065276693360545,-4.995702401574805,-17.01436687477584,77.42535709635516,0.6618396105322659,5.036327418452913,-1.0723064043964103,2.101657659955058,0
1740766238.3633423,116.2050860442239,-121.27443051802905,-45.09464928934683,150.4677602157595,35.555218377438536,14.596664848865231,2.106479160324251,80.04691612964034,13.519925466195204,-4.992253601131892,-15.121945925415766,78.75996559299568,0.6618396105322659,0.5707741457091622,-0.15538289512815595,2.106990917037483,0
1740766238.4634566,117.57580041200164,-125.37796761489564,-43.9091666035619,146.2506303868531,36.83331690421987,10.436331385978718,2.1071666971992546,81.37238667783826,18.14378588109541,-4.988574880659451,-11.257792687864821,81.47172969679123,0.6618396105322659,0.5645998742690974,-0.15528866571225608,2.106779556833117,0
1740766238.5635636,118.90946836441181,-129.65189380982198,-43.53870323957629,142.1470932899865,37.68538256241776,6.247599740082251,2.1095064446412897,82.67479655430245,22.750985731892513,-4.985585920275593,-7.298191778448963,84.22889906419577,0.6618396105322659,2.891077409923185,-0.6355130149807149,2.108787385903778,0
1740766238.6636693,119.44664020270643,-133.7412318151836,-42.70516078906219,137.6033843867327,38.37073970682212,1.9310762857745658,2.1094390918065984,83.97796950880316,27.412113688764407,-4.983286719980317,-3.353897738561926,86.9558858195469,0.6618396105322659,2.941508450801853,-0.6573917410733205,2.1107202216539904,0
1740766238.763897,120.42836807778379,-138.07195437612987,-41.18626107569021,133.4146527408362,39.62105350104679,-2.3286508176468317,2.107749111547121,85.22225758460351,31.896408875760088,-4.9839764800688995,0.5542819112408353,89.64343120779301,0.6618396105322659,2.852503759218552,-0.6407067432769384,2.110073453950508,0
1740766238.864124,121.96579091987054,-142.33168147955124,-40.815797790673614,129.35371290335095,40.574996564598464,-6.488984288100141,2.110594072127191,86.49641249813246,36.44967408405161,-4.988804800688978,4.420757848486414,92.29963421505842,0.6618396105322659,2.8705243741662874,-0.639142730235498,2.1053043339303166,0
1740766238.9642875,123.24388940716737,-146.32162585951156,-39.926685796077166,125.22177762347442,41.6586018055451,-10.549924118018566,2.1118777187739823,87.44508361627777,39.7950266305694,-4.990414240895672,8.086391028678815,94.8404742350713,0.6618396105322659,0.5655882176358844,-0.1557854482641028,2.1102247955606916,0
1740766239.0645044,123.24388940716737,-146.32162585951156,-39.926685796077166,125.22177762347442,41.6586018055451,-10.549924118018566,2.1118777187739823,87.82088173614096,41.112536006710286,-4.989034720718506,9.932330249954468,96.12463385874314,0.6618396105322659,0.3008168049201694,-0.08569090072630625,2.111660336512377,0
1740766239.1646776,123.63287589986776,-148.7780684780028,-39.53769930337678,123.035117698177,42.047588298245486,-12.871475389912916,2.111439413821138,87.86567625241679,41.270103600865845,-4.9881150406003965,10.531180645931531,96.54158250580977,0.6618396105322659,0.11070047054254029,-0.033073540897847115,2.1108178454305278,0
1740766239.2647653,123.39207475276162,-147.79833123982715,-40.00077846887429,123.83026676192154,41.695648141943664,-11.984032238952807,2.112340345268061,87.78464541024856,40.983499849249526,-4.986275680364176,10.304839090035145,96.38451551443302,0.6618396105322659,-0.2017191679249854,0.04036460718540187,2.112050774261327,0
1740766239.3649745,123.63287589986776,-147.8551276058471,-40.093394270386185,123.68827586200533,41.769740814740786,-12.083425871920866,2.113379893932534,87.72827958073287,40.78277697151038,-4.986275680364176,10.157889381126825,96.28282701744612,0.6618396105322659,-0.12565416413819153,0.028322885630082985,2.112632254437122,0
1740766239.4651492,123.5958295634692,-148.09651214629815,-40.01930159758906,123.70247495351029,41.788263982940066,-12.197018596393917,2.112663894010277,87.72425168410534,40.768440119019274,-4.986735520423231,10.053747449997527,96.21087363435583,0.6618396105322659,-0.04019279407863253,0.010316176313398005,2.1128498668404383,0
1740766239.5653017,123.5958295634692,-148.03971578027821,-40.20453327958187,123.68827586200533,41.695648141943664,-12.175719959136444,2.11327947526157,87.72425168410534,40.768440119019274,-4.986735520423231,10.053747449997527,96.21087363435583,0.6618396105322659,-0.0031400735116797057,0.0010461623394497459,2.1126732261533476,0
1740766239.6654217,123.74401490906344,-148.03971578027821,-40.297149081093764,123.78766948740659,41.72343291398484,-12.126023146435813,2.113767415080712,87.72425168410534,40.768440119019274,-4.986735520423231,10.053747449997527,96.21087363435583,0.6618396105322659,-0.0005649404205886875,0.00022915739275792613,2.113203215784114,0
1740766239.765564,123.61435277115298,-147.9829194142583,-40.44533442668801,123.80186859404515,41.58450917223249,-12.09052541010658,2.113886699622893,87.72223443967506,40.76127261962569,-4.986965440452758,10.047624260334317,96.20663702356455,0.6618396105322659,-0.007341374082484478,0.0015990339116189695,2.113496829726348,0
1740766239.8657227,123.65139910755154,-147.9971185057633,-40.48238076308657,123.90126221944647,41.58450917223249,-12.047928143158401,2.1139015894530355,87.72223443967506,40.76127261962569,-4.986965440452758,10.047624260334317,96.20663702356455,0.6618396105322659,-0.0008012194839729066,0.00022231124619009543,2.113858707662187,0
1740766239.9659495,123.76253803777821,-147.9687203378869,-40.612042900997025,124.01485493635269,41.575247568390594,-11.976932700767122,2.1144117394762225,87.72223443967506,40.76127261962569,-4.986965440452758,10.047624260334317,96.20663702356455,0.6618396105322659,-8.743511080927264e-05,3.0901004414941646e-05,2.1138985106786543,0
1740766240.0661461,123.57730643475442,-147.9687203378869,-40.77875145427505,124.08585039387756,41.39927749023968,-11.941434972004686,2.1142463325001986,87.72223443967506,40.76127261962569,-4.986965440452758,10.047624260334317,96.20663702356455,0.6618396105322659,-9.541568090466184e-06,4.2951859446784935e-06,2.114374891306408,0
1740766240.166362,123.63287589986776,-147.9687203378869,-40.87136725578695,124.21364220228881,41.3807543220404,-11.877539067799063,2.114437369573529,87.72223443967506,40.76127261962569,-4.986965440452758,10.047624260334317,96.20663702356455,0.6618396105322659,-7.45437133383836e-07,4.3557298328500673e-07,2.1142527835989116,0
1740766240.2664921,123.63287589986776,-147.88352578885704,-40.96398305729885,124.22784129379377,41.334446421284454,-11.827842247531635,2.1148020833321874,87.72223443967506,40.76127261962569,-4.986965440452758,10.047624260334317,96.20663702356455,0.6618396105322659,-1.3411391846221571e-07,9.541039520567223e-08,2.114414150685826,0
1740766240.3666165,123.63287589986776,-147.897724880362,-41.00102939369741,124.28463765981374,41.315923253085174,-11.806543610274133,2.114786218700514,87.72223443967506,40.76127261962569,-4.986965440452758,10.047624260334317,96.20663702356455,0.6618396105322659,-1.4749440181072672e-08,1.3411096136870192e-08,2.1147741226325305,0
1740766240.466759,123.72549170137965,-147.8267294379707,-41.093645274178314,124.42662855972995,41.31592321360067,-11.700050439120389,2.1151687704354396,87.72223443967506,40.76127261962569,-4.986965440452758,10.047624260334317,96.20663702356455,0.6618396105322659,-1.609717570302231e-09,1.8645242437787235e-09,2.114785350224485,0
1740766240.5668979,123.57730643475442,-147.897724880362,-41.27887695617112,124.58281855115112,41.14921473929165,-11.657453164605442,2.114898843521522,87.72223443967506,40.76127261962569,-4.986965440452758,10.047624260334317,96.20663702356455,0.6618396105322659,-1.7566451758400278e-10,2.5916669928366575e-10,2.1151412420999995,0
1740766240.6670966,123.66992223626632,-147.926123063372,-41.3900159653668,124.55442038327473,41.13995313544976,-11.685851340048629,2.1154460637631294,87.72223443967506,40.76127261962569,-4.986965440452758,10.047624260334317,96.20663702356455,0.6618396105322659,-1.9169815650635635e-11,3.602372107858238e-11,2.1149162469564518,0
1740766240.7673173,123.70696857266488,-147.86932671248564,-41.4826317668787,124.68221217655238,41.11216840289309,-11.593557267966645,2.1156786219469335,87.72223443967506,40.76127261962569,-4.986965440452758,10.047624260334317,96.20663702356455,0.6618396105322659,-2.6944618208760725e-13,8.002069081886314e-13,2.115646024420309,0
1740766240.8674853,123.68844536498109,-147.86932671248564,-41.55672443967582,124.76740672558228,41.06586046265264,-11.550959993451698,2.115689175528362,87.72223443967506,40.76127261962569,-4.986965440452758,10.047624260334317,96.20663702356455,0.6618396105322659,-2.963287025156332e-14,1.1247885256078859e-13,2.1156860653617304,0
1740766240.967597,123.79958437417677,-147.94032215487695,-41.575247568390594,124.78160583222083,41.11216840289309,-11.57935816132806,2.1158983846076422,87.72223443967506,40.76127261962569,-4.986965440452758,10.047624260334317,96.20663702356455,0.6618396105322659,-2.963287025156332e-14,1.1247885256078859e-13,2.1156860653617304,0
1740766241.0682988,123.68844536498109,-147.72733579743584,-41.72343291398484,124.9661939915184,40.98250622549813,-11.380570902958738,2.1160438726686674,87.72223443967506,40.76127261962569,-4.986965440452758,10.047624260334317,96.20663702356455,0.6618396105322659,-3.2340584670894715e-15,1.563776333952566e-14,2.1158831404658365,0
1740766241.168489,123.74401490906344,-147.897724880362,-41.79752558678196,124.95199490001337,40.97324466114074,-11.472864990174315,2.1161374246741627,87.72223443967506,40.76127261962569,-4.986965440452758,10.047624260334317,96.20663702356455,0.6618396105322659,-3.5292484280523014e-16,2.17363089936038e-15,2.11603233261452,0
1740766241.2687132,123.76253803777821,-147.8551276058471,-41.927187803661425,125.03718944904327,40.917675117058394,-11.408969078401896,2.1164650490965924,87.72223443967506,40.76127261962569,-4.986965440452758,10.047624260334317,96.20663702356455,0.6618396105322659,-3.851377767209338e-17,3.021309198395211e-16,2.1161298794037524,0
1740766241.3688548,123.81810758186056,-147.81253034646573,-41.9457109323762,125.16498125745451,40.93619832474218,-11.323774544505596,2.116524911100103,87.72223443967506,40.76127261962569,-4.986965440452758,10.047624260334317,96.20663702356455,0.6618396105322659,-3.0088974633377017e-18,3.063896832224193e-17,2.1164482302349534,0
1740766241.468998,123.89220025465768,-147.79833123982715,-42.0383267338881,125.2501758064844,40.92693676038479,-11.274077716671371,2.1168555533131084,87.72223443967506,40.76127261962569,-4.986965440452758,10.047624260334317,96.20663702356455,0.6618396105322659,-5.413401224425648e-19,6.71133469820005e-18,2.116515265489701,0
1740766241.5692377,123.8736770469739,-147.81253034646573,-42.07537307028666,125.2501758064844,40.89915198834362,-11.28117726999065,2.1168820153083274,87.72223443967506,40.76127261962569,-4.986965440452758,10.047624260334317,96.20663702356455,0.6618396105322659,-5.953493750039562e-20,9.433600463581616e-19,2.116831026669846,0
1740766241.6694696,123.89220025465768,-147.79833123982715,-42.093896277970444,125.40636579790558,40.89915198834362,-11.195982720960785,2.116750369492304,87.72223443967506,40.76127261962569,-4.986965440452758,10.047624260334317,96.20663702356455,0.6618396105322659,-6.497496431370478e-21,1.3115390860642203e-19,2.1168783544153538,0
