121 448 0
91 456 0
57 474 0
36 494 0
17 526 0
6 560 0
6 563 0
11 565 1
32 565 0
56 560 0
85 548 0
102 537 0
118 523 0
118 522 0
132 507 0
143 488 0
148 469 0
150 446 0
121 448 0
143 355 0
148 386 0
161 431 0
165 459 0
160 485 0
143 539 0
140 561 0
142 595 0
151 625 0
169 654 0
198 682 0
200 682 0
231 649 0
246 638 0
265 628 0
299 619 0
332 619 0
363 626 0
397 644 0
412 656 0
425 670 0
433 682 0
439 698 0
444 699 0
473 688 0
501 674 0
535 653 0
561 633 0
577 617 0
590 599 0
599 576 0
599 558 0
599 557 0
595 533 0
580 489 0
577 472 0
577 448 0
582 425 0
598 383 0
601 358 0
595 333 0
579 308 0
555 285 0
524 263 0
483 240 0
444 223 0
406 211 0
377 205 0
352 202 0
303 202 0
257 210 0
234 218 0
212 229 0
193 242 0
173 261 0
161 277 0
153 292 0
144 323 0
143 355 1
