142 489 1
148 470 1
150 447 1
111 451 1
73 465 1
46 484 1
31 502 1
18 526 1
7 560 1
7 564 1
11 565 1
40 564 1
66 557 1
86 548 1
103 537 1
121 521 1
132 508 1
142 490 1
142 489 0
425 670 1
412 656 1
397 644 1
368 628 1
332 619 1
300 619 1
271 626 1
247 638 1
217 663 1
201 682 1
198 682 1
175 661 1
157 636 1
146 609 1
141 579 1
144 539 1
161 485 1
166 459 1
162 432 1
147 378 1
144 356 1
144 332 1
150 302 1
159 282 1
169 267 1
187 248 1
212 230 1
239 217 1
269 208 1
303 203 1
353 203 1
384 207 1
418 215 1
445 224 1
484 241 1
517 259 1
551 282 1
579 308 1
589 322 1
597 338 1
601 358 1
598 384 1
582 426 1
577 449 1
577 472 1
580 489 1
595 533 1
600 560 1
599 577 1
590 600 1
577 618 1
551 642 1
509 670 1
474 688 1
441 700 1
434 683 1
425 671 1
425 670 0
