-1.0 0.0 0
-158.0 0.0 1
-208.0 13.0 1
-255.0 43.0 1
-296.0 89.0 1
-323.0 143.0 1
-307.0 182.0 1
-280.0 220.0 1
-213.0 273.0 1
-160.0 288.0 1
-1.0 288.0 1
-0.0 105.0 1
-0.0 104.0 1
-1.0 0.0 1
-17.0 13.0 0
-14.0 272.0 1
-95.0 274.0 1
-96.0 15.0 1
-162.0 15.0 1
-205.0 28.0 1
-101.0 143.0 1
-205.0 260.0 1
-164.0 273.0 1
-95.0 273.0 1
-95.0 14.0 1
-17.0 13.0 1
-132.0 125.0 0
-156.0 124.0 1
-156.0 125.0 1
-168.0 142.0 1
-158.0 164.0 1
-136.0 166.0 1
-122.0 147.0 1
-132.0 125.0 1
-183.0 100.0 0
-210.0 104.0 1
-222.0 79.0 1
-215.0 66.0 1
-201.0 61.0 1
-201.0 60.0 1
-185.0 65.0 1
-177.0 77.0 1
-183.0 100.0 1
-187.0 143.0 0
-259.0 219.0 1
-289.0 183.0 1
-306.0 147.0 1
-272.0 82.0 1
-271.0 82.0 1
-259.0 70.0 1
-187.0 143.0 1
-191.0 185.0 0
-178.0 197.0 1
-178.0 216.0 1
-193.0 229.0 1
-209.0 228.0 1
-221.0 215.0 1
-213.0 188.0 1
-212.0 188.0 1
-191.0 185.0 1
