0.0 0.0 1
-5.02529831 7.07880948 0
-10.8881119 13.78465995 0
-15.95268628 20.88196688 0
-21.94843882 26.96791693 0
-26.99957244 33.99952123 0
-33.0381776 40.03798229 0
-37.92985962 47.83962555 0
-43.88318053 53.94642621 0
-49.01683583 60.89797727 0
-46.94584067 71.5615689 0
-47.00000093 83.08087984 0
-48.00880175 94.15989872 0
-51.25975405 104.29358222 0
-57.03275255 111.05368177 0
-64.53179727 116.54213836 0
-74.60009128 119.98700076 0
-85.67736455 121.00001587 0
-97.18613766 120.97513587 0
-103.89182846 126.94780573 0
-108.97068308 133.9546304 0
-115.0039603 140.00403301 0
-120.02844104 147.08604034 0
-125.81251365 153.94166973 0
-130.95348439 160.88915002 0
-136.95420456 166.9701892 0
-142.00350411 174.00374824 0
-148.04103531 180.04254625 0
-152.93021251 187.8466357 0
-158.89026997 193.94754091 0
-163.97016583 200.95336268 0
-170.00352873 207.00233045 0
-175.02773134 214.08444202 0
-180.89202536 220.78947509 0
-184.61485412 229.58531213 0
-186.33290736 240.37057298 0
-190.55276584 249.53114349 0
-196.01825925 256.4135485 0
-203.72597048 261.84749035 0
-213.34671171 265.01723 0
-224.01729622 267.01710604 0
-225.00000005 278.10496523 0
-225.0 289.60184312 0
-224.99998917 301.09871969 0
-219.81863524 308.00017189 0
-208.32173684 308.0 0
-196.82485897 308.0 0
-185.32798111 308.0 0
-173.83110324 308.0 0
-162.33422537 308.0 0
-150.8373475 308.0 0
-139.34046964 308.0 0
-127.84359177 308.0 0
-116.3467139 308.0 0
-104.84983603 308.0 0
-93.35295817 308.0 0
-81.8560803 308.00003139 0
-70.35917104 302.86225084 0
-64.00007373 291.3654467 0
-64.0 279.86856883 0
-64.0 268.37310002 0
-64.0117956 265.98312356 0
-73.70398309 263.77873185 0
-84.28779001 258.99173224 0
-93.24413901 253.24016413 0
-98.95628682 245.02659154 0
-103.99312673 234.76891837 0
-106.98483463 223.27832221 0
-107.00000001 211.78144434 0
-107.0 200.28456647 0
-107.0 188.7876886 0
-107.0 177.29081069 0
-107.00000009 166.15306879 0
-106.16745164 165.00000009 0
-95.12548208 164.99993224 0
-83.62863233 163.99966793 0
-72.5460775 163.99530891 0
-61.0510052 162.01378244 0
-50.37490247 160.01966623 0
-39.70401458 157.29782121 0
-29.33456184 153.45539634 0
-19.42923372 149.01632691 0
-10.35994937 144.04739262 0
-2.05430315 138.01439633 0
3.98760218 131.96629588 0
10.02276064 124.26292887 0
14.97275019 115.33711769 0
19.76213734 105.43167041 0
23.60424173 94.92413556 0
25.99272706 83.84664828 0
27.00522549 72.76182014 0
28.00000155 61.27172364 0
27.9836268 50.4288708 0
26.40467071 39.64281251 0
24.68860044 29.47819441 0
21.47224082 19.84486352 0
16.97297995 11.59786661 0
11.98119627 5.00078812 0
6.49609332 0.0 0
0.0 -15.0 1
-223.0 -15.0 1
-214.72487283 -15.0 0
-206.44974566 -15.0 0
-198.17461848 -15.0 0
-189.89949131 -15.0 0
-181.62436414 -15.0 0
-173.34923697 -15.0 0
-165.07410979 -15.0 0
-156.79898262 -15.0 0
-148.52385545 -15.0 0
-140.24872828 -15.0 0
-131.97360111 -15.0 0
-123.69847393 -15.0 0
-115.42334676 -15.0 0
-107.14821959 -15.0 0
-98.87309242 -15.0 0
-90.59796524 -15.0 0
-82.32283807 -15.0 0
-74.0477109 -15.000011 0
-65.77257917 -13.97067989 0
-57.92381491 -13.98710697 0
-49.64188341 -12.88256379 0
-41.82427301 -10.99414378 0
-34.33135365 -8.97483513 0
-26.88057509 -2.99468845 0
-28.56879439 3.00394482 0
-32.00656688 7.86429709 0
-35.9854529 13.3629477 0
-39.99367645 18.10753906 0
-44.0608572 23.69977387 0
-47.79707941 29.02275399 0
-51.47343093 34.9704656 0
-54.96794293 39.77592046 0
-58.98861069 45.26998967 0
-63.00593862 50.06410773 0
-67.04105024 48.94350104 0
-73.52578692 48.99999942 0
-81.82436607 49.0 0
-90.09949349 48.99998574 0
-98.37462753 50.17225598 0
-106.1902546 58.09644905 0
-106.99999756 66.37157505 0
-107.0 74.64670222 0
-107.0 82.9218294 0
-107.0 91.19695657 0
-107.0 99.472083 0
-107.00000074 107.71914683 0
-107.0281128 112.97941096 0
-110.63106359 119.01648403 0
-114.03535725 123.91239343 0
-117.98729485 129.41142038 0
-121.98761303 134.13789405 0
-126.06848136 139.94877337 0
-129.71510248 145.39742145 0
-133.33696734 150.99043753 0
-136.98828907 155.82418219 0
-140.98710854 161.19854516 0
-145.06727257 166.77253926 0
-148.87444686 171.99920789 0
-152.60348491 178.0126134 0
-156.02476225 182.93447708 0
-159.96516286 188.39353214 0
-163.9903545 193.81678034 0
-167.91473922 198.95077721 0
-171.69759626 204.38844634 0
-175.32326971 209.98323849 0
-178.98105155 215.35630063 0
-182.79757626 207.90152342 0
-183.9999963 199.62639817 0
-184.0 191.351271 0
-184.0 183.07614383 0
-184.0 174.80101665 0
-184.0 166.52588948 0
-184.0 158.25076231 0
-184.0 149.97563514 0
-184.0 141.70050796 0
-184.0 133.42538079 0
-184.0 125.15025362 0
-184.0 116.87512645 0
-184.0 108.59999927 0
-184.0 100.3248721 0
-184.0 92.04974493 0
-184.0 83.77461776 0
-184.0 75.49949059 0
-184.0 67.22436343 0
-184.00000003 58.94906628 0
-183.99958968 51.07533606 0
-184.96855904 44.71101333 0
-188.19358042 39.95184451 0
-192.1710456 35.96330806 0
-197.03877214 32.96112699 0
-204.09659325 29.95905246 0
-211.12821658 28.99997822 0
-219.00608155 25.54072486 0
-224.98653375 17.27208147 0
-224.9999998 8.99695439 0
-225.0 0.72182722 0
-225.0 -7.5532744 0
-224.9999383 -15.0 1
